0.000000 3.299875 9.804998 0.000000 -0.000000 -0.000000 -0.049979 0.998750
0.100000 3.399375 9.795015 0.000000 0.000000 0.000000 0.024997 0.999688
0.200000 3.499250 9.800012 0.000000 -0.000000 -0.000000 -0.049979 0.998750
0.300000 3.598751 9.790029 0.000000 -0.000000 -0.000000 -0.124675 0.992198
0.400000 3.695642 9.765289 0.000000 -0.000000 -0.000000 -0.091989 0.995760
0.500000 3.793950 9.746969 0.000000 -0.000000 -0.000000 -0.088501 0.996076
0.600000 3.892383 9.729338 0.000000 -0.000000 -0.000000 -0.162888 0.986645
0.700000 3.987077 9.697196 0.000000 -0.000000 -0.000000 -0.236359 0.971666
0.800000 4.075904 9.651263 0.000000 -0.000000 -0.000000 -0.176834 0.984241
0.900000 4.220149 9.598573 0.000000 -0.000000 -0.000000 -0.179851 0.983694
1.000000 4.313680 9.563190 0.000000 -0.000000 -0.000000 -0.253054 0.967452
1.100000 4.400873 9.514226 0.000000 -0.000000 -0.000000 -0.324833 0.945771
1.200000 4.479769 9.452782 0.000000 -0.000000 -0.000000 -0.253054 0.967452
1.300000 4.566962 9.403819 0.000000 -0.000000 -0.000000 -0.294989 0.955501
1.400000 4.649558 9.347447 0.000000 -0.000000 -0.000000 -0.239857 0.970808
1.500000 4.738052 9.300876 0.000000 -0.000000 -0.000000 -0.195643 0.980675
1.600000 4.830397 9.262503 0.000000 -0.000000 -0.000000 -0.137744 0.990468
1.700000 4.926602 9.235217 0.000000 -0.000000 -0.000000 -0.063141 0.998005
1.800000 5.025805 9.222614 0.000000 0.000000 0.000000 0.011817 0.999930
1.900000 5.221239 9.136792 0.000000 -0.000000 -0.000000 -0.067396 0.997726
2.000000 5.320331 9.123344 0.000000 0.000000 0.000000 0.007553 0.999971
2.100000 5.420320 9.124854 0.000000 -0.000000 -0.000000 -0.067396 0.997726
2.200000 5.519411 9.111406 0.000000 -0.000000 -0.000000 -0.106184 0.994346
2.300000 5.617156 9.090289 0.000000 -0.000000 -0.000000 -0.180392 0.983595
2.400000 5.710648 9.054802 0.000000 -0.000000 -0.000000 -0.253585 0.967313
2.500000 5.797787 9.005743 0.000000 -0.000000 -0.000000 -0.180978 0.983487
2.600000 5.891236 8.970145 0.000000 -0.000000 -0.000000 -0.240056 0.970759
2.700000 5.979711 8.923538 0.000000 -0.000000 -0.000000 -0.189763 0.981830
2.800000 6.072509 8.886275 0.000000 -0.000000 -0.000000 -0.262798 0.964851
2.900000 5.924104 8.891378 0.000000 -0.000000 -0.000000 -0.259566 0.965725
3.000000 6.010629 8.841244 0.000000 -0.000000 -0.000000 -0.186475 0.982460
3.100000 6.103674 8.804603 0.000000 -0.000000 -0.000000 -0.185417 0.982660
3.200000 6.196798 8.768163 0.000000 -0.000000 -0.000000 -0.178444 0.983950
3.300000 6.290430 8.733047 0.000000 -0.000000 -0.000000 -0.104215 0.994555
3.400000 6.388258 8.712317 0.000000 -0.000000 -0.000000 -0.029400 0.999568
3.500000 6.488085 8.706440 0.000000 0.000000 0.000000 0.045580 0.998961
3.600000 6.587669 8.715546 0.000000 0.000000 0.000000 0.120303 0.992737
3.700000 6.684775 8.739432 0.000000 0.000000 0.000000 0.194351 0.980932
3.800000 6.777220 8.777561 0.000000 0.000000 0.000000 0.159878 0.987137
3.900000 7.034470 8.794129 0.000000 0.000000 0.000000 0.199629 0.979872
4.000000 7.126500 8.833251 0.000000 0.000000 0.000000 0.228848 0.973462
4.100000 7.216026 8.877806 0.000000 0.000000 0.000000 0.301146 0.953578
4.200000 7.297888 8.935240 0.000000 0.000000 0.000000 0.247889 0.968788
4.300000 7.385598 8.983270 0.000000 0.000000 0.000000 0.287600 0.957751
4.400000 7.469055 9.038360 0.000000 0.000000 0.000000 0.254280 0.967131
4.500000 7.556124 9.087544 0.000000 0.000000 0.000000 0.326032 0.945359
4.600000 7.634864 9.149188 0.000000 0.000000 0.000000 0.391172 0.920318
4.700000 7.704261 9.221188 0.000000 0.000000 0.000000 0.459032 0.888420
4.800000 7.762119 9.302751 0.000000 0.000000 0.000000 0.524310 0.851527
4.900000 7.662654 9.389999 0.000000 0.000000 0.000000 0.511581 0.859235
5.000000 7.710310 9.477913 0.000000 0.000000 0.000000 0.574525 0.818487
5.100000 7.744295 9.571961 0.000000 0.000000 0.000000 0.511581 0.859235
5.200000 7.791952 9.659875 0.000000 0.000000 0.000000 0.494004 0.869460
5.300000 7.843144 9.745778 0.000000 0.000000 0.000000 0.557764 0.830000
5.400000 7.880923 9.838367 0.000000 0.000000 0.000000 0.614850 0.788644
5.500000 7.905315 9.935346 0.000000 0.000000 0.000000 0.571697 0.820465
5.600000 7.939948 10.029158 0.000000 0.000000 0.000000 0.535237 0.844702
5.700000 7.982652 10.119581 0.000000 0.000000 0.000000 0.584572 0.811342
5.800000 8.014307 10.214439 0.000000 0.000000 0.000000 0.621034 0.783783
5.900000 8.036260 9.958967 0.000000 0.000000 0.000000 0.590323 0.807167
6.000000 8.066564 10.054265 0.000000 0.000000 0.000000 0.649145 0.760665
6.100000 8.082286 10.153021 0.000000 0.000000 0.000000 0.644271 0.764797
6.200000 8.099269 10.251568 0.000000 0.000000 0.000000 0.670444 0.741961
6.300000 8.109370 10.351057 0.000000 0.000000 0.000000 0.724154 0.689639
6.400000 8.104491 10.450938 0.000000 0.000000 0.000000 0.773792 0.633439
6.500000 8.084740 10.548968 0.000000 0.000000 0.000000 0.733802 0.679364
6.600000 8.077047 10.648672 0.000000 0.000000 0.000000 0.702712 0.711475
6.700000 8.078286 10.748664 0.000000 0.000000 0.000000 0.726762 0.686890
6.800000 8.072649 10.848505 0.000000 0.000000 0.000000 0.776187 0.630503
6.900000 7.990714 11.158947 0.000000 0.000000 0.000000 0.760410 0.649443
7.000000 7.975069 11.257716 0.000000 0.000000 0.000000 0.806935 0.590640
7.100000 7.944840 11.353037 0.000000 0.000000 0.000000 0.833887 0.551936
7.200000 7.905767 11.445088 0.000000 0.000000 0.000000 0.830397 0.557172
7.300000 7.867855 11.537623 0.000000 0.000000 0.000000 0.786314 0.617827
7.400000 7.844197 11.634784 0.000000 0.000000 0.000000 0.737810 0.675008
7.500000 7.835324 11.734389 0.000000 0.000000 0.000000 0.786314 0.617827
7.600000 7.811666 11.831551 0.000000 0.000000 0.000000 0.737810 0.675008
7.700000 7.802794 11.931156 0.000000 0.000000 0.000000 0.786314 0.617827
7.800000 7.779136 12.028318 0.000000 0.000000 0.000000 0.791978 0.610549
7.900000 8.042928 12.121199 0.000000 0.000000 0.000000 0.775970 0.630770
8.000000 8.022502 12.219090 0.000000 0.000000 0.000000 0.767541 0.641000
8.100000 8.004678 12.317489 0.000000 0.000000 0.000000 0.784316 0.620362
8.200000 7.981648 12.414801 0.000000 0.000000 0.000000 0.735627 0.677387
8.300000 7.973418 12.514462 0.000000 0.000000 0.000000 0.682803 0.730603
8.400000 7.980174 12.614233 0.000000 0.000000 0.000000 0.717462 0.696598
8.500000 7.977224 12.714190 0.000000 0.000000 0.000000 0.767641 0.640880
8.600000 7.959370 12.812583 0.000000 0.000000 0.000000 0.813504 0.581560
8.700000 7.927012 12.907203 0.000000 0.000000 0.000000 0.854793 0.518969
8.800000 7.880878 12.995926 0.000000 0.000000 0.000000 0.840626 0.541616
8.900000 7.972270 13.297840 0.000000 0.000000 0.000000 0.821924 0.569597
9.000000 7.937158 13.391473 0.000000 0.000000 0.000000 0.776934 0.629582
9.100000 7.916433 13.489301 0.000000 0.000000 0.000000 0.775307 0.631584
9.200000 7.896213 13.587236 0.000000 0.000000 0.000000 0.804347 0.594160
9.300000 7.866818 13.682818 0.000000 0.000000 0.000000 0.789945 0.613178
9.400000 7.842015 13.779693 0.000000 0.000000 0.000000 0.741779 0.670644
9.500000 7.831968 13.879187 0.000000 0.000000 0.000000 0.689443 0.724340
9.600000 7.836902 13.979065 0.000000 0.000000 0.000000 0.741779 0.670644
9.700000 7.826855 14.078559 0.000000 0.000000 0.000000 0.765345 0.643620
9.800000 7.809704 14.177078 0.000000 0.000000 0.000000 0.786252 0.617906
9.900000 7.936530 14.530153 0.000000 0.000000 0.000000 0.758992 0.651100
10.000000 7.921316 14.628989 0.000000 0.000000 0.000000 0.799571 0.600571
10.100000 7.893454 14.725029 0.000000 0.000000 0.000000 0.842324 0.538972
10.200000 7.851552 14.815827 0.000000 0.000000 0.000000 0.880341 0.474341
10.300000 7.796552 14.899343 0.000000 0.000000 0.000000 0.873623 0.486603
10.400000 7.743908 14.984365 0.000000 0.000000 0.000000 0.898133 0.439724
10.500000 7.682579 15.063351 0.000000 0.000000 0.000000 0.862660 0.505785
10.600000 7.633743 15.150615 0.000000 0.000000 0.000000 0.836573 0.547855
10.700000 7.593772 15.242279 0.000000 0.000000 0.000000 0.875272 0.483631
10.800000 7.540552 15.326941 0.000000 0.000000 0.000000 0.897387 0.441244
10.900000 7.525266 15.182428 0.000000 0.000000 0.000000 0.880193 0.474615
11.000000 7.470318 15.265979 0.000000 0.000000 0.000000 0.856980 0.515350
11.100000 7.423435 15.354308 0.000000 0.000000 0.000000 0.878946 0.476921
11.200000 7.368926 15.438145 0.000000 0.000000 0.000000 0.840740 0.541439
11.300000 7.327557 15.529187 0.000000 0.000000 0.000000 0.868058 0.496463
11.400000 7.276852 15.615379 0.000000 0.000000 0.000000 0.828417 0.560111
11.500000 7.239597 15.708180 0.000000 0.000000 0.000000 0.814801 0.579741
11.600000 7.206817 15.802655 0.000000 0.000000 0.000000 0.769070 0.639164
11.700000 7.188524 15.900967 0.000000 0.000000 0.000000 0.814801 0.579741
11.800000 7.155743 15.995442 0.000000 0.000000 0.000000 0.817356 0.576133
11.900000 7.288433 16.073998 0.000000 0.000000 0.000000 0.864046 0.503412
12.000000 7.239118 16.160992 0.000000 0.000000 0.000000 0.886581 0.462573
12.100000 7.181912 16.243014 0.000000 0.000000 0.000000 0.849429 0.527704
12.200000 7.137607 16.332663 0.000000 0.000000 0.000000 0.807500 0.589868
12.300000 7.107195 16.427926 0.000000 0.000000 0.000000 0.815356 0.578960
12.400000 7.074234 16.522338 0.000000 0.000000 0.000000 0.820511 0.571631
12.500000 7.039587 16.616144 0.000000 0.000000 0.000000 0.806670 0.591003
12.600000 7.009444 16.711493 0.000000 0.000000 0.000000 0.760118 0.649785
12.700000 6.993888 16.810275 0.000000 0.000000 0.000000 0.772717 0.634751
12.800000 6.974469 16.908372 0.000000 0.000000 0.000000 0.722983 0.690866
12.900000 7.103910 17.062786 0.000000 0.000000 0.000000 0.748257 0.663409
13.000000 7.091932 17.162066 0.000000 0.000000 0.000000 0.721904 0.691993
13.100000 7.087703 17.261977 0.000000 0.000000 0.000000 0.668024 0.744140
13.200000 7.098452 17.361398 0.000000 0.000000 0.000000 0.610388 0.792103
13.300000 7.123937 17.458095 0.000000 0.000000 0.000000 0.549320 0.835612
13.400000 7.163587 17.549899 0.000000 0.000000 0.000000 0.485163 0.874424
13.500000 7.216510 17.634747 0.000000 0.000000 0.000000 0.535589 0.844479
13.600000 7.259139 17.725205 0.000000 0.000000 0.000000 0.470807 0.882236
13.700000 7.314807 17.808278 0.000000 0.000000 0.000000 0.403378 0.915034
13.800000 7.382264 17.882099 0.000000 0.000000 0.000000 0.361856 0.932234
13.900000 7.535999 17.955940 0.000000 0.000000 0.000000 0.325800 0.945439
14.000000 7.614770 18.017545 0.000000 0.000000 0.000000 0.364208 0.931318
14.100000 7.688241 18.085384 0.000000 0.000000 0.000000 0.302371 0.953190
14.200000 7.769955 18.143027 0.000000 0.000000 0.000000 0.294512 0.955648
14.300000 7.852607 18.199317 0.000000 0.000000 0.000000 0.322465 0.946581
14.400000 7.931811 18.260365 0.000000 0.000000 0.000000 0.250632 0.968082
14.500000 8.019247 18.308892 0.000000 0.000000 0.000000 0.177389 0.984141
14.600000 8.112954 18.343807 0.000000 0.000000 0.000000 0.129594 0.991567
14.700000 8.209595 18.369507 0.000000 0.000000 0.000000 0.203528 0.979069
14.800000 8.301310 18.409361 0.000000 0.000000 0.000000 0.263068 0.964777
14.900000 8.278597 18.521774 0.000000 0.000000 0.000000 0.260280 0.965533
15.000000 8.365048 18.572036 0.000000 0.000000 0.000000 0.187201 0.982322
15.100000 8.458039 18.608814 0.000000 0.000000 0.000000 0.260280 0.965533
15.200000 8.544490 18.659076 0.000000 0.000000 0.000000 0.187201 0.982322
15.300000 8.637482 18.695854 0.000000 0.000000 0.000000 0.169106 0.985598
15.400000 8.731762 18.729188 0.000000 0.000000 0.000000 0.211362 0.977408
15.500000 8.822827 18.770506 0.000000 0.000000 0.000000 0.147555 0.989054
15.600000 8.918473 18.799694 0.000000 0.000000 0.000000 0.073031 0.997330
15.700000 9.017406 18.814261 0.000000 0.000000 0.000000 0.141751 0.989902
15.800000 9.113388 18.842325 0.000000 0.000000 0.000000 0.114923 0.993374
15.900000 9.216899 18.781131 0.000000 0.000000 0.000000 0.079100 0.996867
16.000000 9.315648 18.796902 0.000000 0.000000 0.000000 0.004183 0.999991
16.100000 9.415644 18.797738 0.000000 -0.000000 -0.000000 -0.070758 0.997494
16.200000 9.514643 18.783622 0.000000 0.000000 0.000000 0.004183 0.999991
16.300000 9.614639 18.784459 0.000000 0.000000 0.000000 0.079100 0.996867
16.400000 9.713388 18.800229 0.000000 0.000000 0.000000 0.114622 0.993409
16.500000 9.810760 18.823003 0.000000 0.000000 0.000000 0.188736 0.982028
16.600000 9.903636 18.860071 0.000000 0.000000 0.000000 0.242604 0.970125
16.700000 9.991865 18.907143 0.000000 0.000000 0.000000 0.253557 0.967321
16.800000 10.079006 18.956197 0.000000 0.000000 0.000000 0.180363 0.983600
16.900000 9.847069 18.974294 0.000000 0.000000 0.000000 0.200446 0.979705
17.000000 9.939033 19.013569 0.000000 0.000000 0.000000 0.273291 0.961931
17.100000 10.024096 19.066147 0.000000 0.000000 0.000000 0.213353 0.976975
17.200000 10.114992 19.107835 0.000000 0.000000 0.000000 0.285957 0.958242
17.300000 10.198638 19.162638 0.000000 0.000000 0.000000 0.356954 0.934122
17.400000 10.273154 19.229326 0.000000 0.000000 0.000000 0.425944 0.904749
17.500000 10.336869 19.306400 0.000000 0.000000 0.000000 0.478283 0.878206
17.600000 10.391118 19.390406 0.000000 0.000000 0.000000 0.427205 0.904155
17.700000 10.454617 19.467658 0.000000 0.000000 0.000000 0.438260 0.898848
17.800000 10.516203 19.546444 0.000000 0.000000 0.000000 0.410173 0.912008
17.900000 10.660383 19.680511 0.000000 0.000000 0.000000 0.437902 0.899023
18.000000 10.722031 19.759248 0.000000 0.000000 0.000000 0.488003 0.872842
18.100000 10.774402 19.844438 0.000000 0.000000 0.000000 0.421229 0.906954
18.200000 10.838915 19.920845 0.000000 0.000000 0.000000 0.488003 0.872842
18.300000 10.891286 20.006035 0.000000 0.000000 0.000000 0.421229 0.906954
18.400000 10.955799 20.082442 0.000000 0.000000 0.000000 0.422556 0.906337
18.500000 11.020088 20.159037 0.000000 0.000000 0.000000 0.353456 0.935451
18.600000 11.095102 20.225166 0.000000 0.000000 0.000000 0.381680 0.924294
18.700000 11.165966 20.295723 0.000000 0.000000 0.000000 0.334804 0.942288
18.800000 11.243547 20.358819 0.000000 0.000000 0.000000 0.404468 0.914552
18.900000 11.622240 20.220776 0.000000 0.000000 0.000000 0.453913 0.891046
19.000000 11.681033 20.301667 0.000000 0.000000 0.000000 0.385872 0.922552
19.100000 11.751253 20.372865 0.000000 0.000000 0.000000 0.372518 0.928025
19.200000 11.823499 20.442006 0.000000 0.000000 0.000000 0.370094 0.928994
19.300000 11.896106 20.510769 0.000000 0.000000 0.000000 0.299444 0.954114
19.400000 11.978172 20.567910 0.000000 0.000000 0.000000 0.326763 0.945106
19.500000 12.056817 20.629675 0.000000 0.000000 0.000000 0.396661 0.917965
19.600000 12.125349 20.702499 0.000000 0.000000 0.000000 0.326763 0.945106
19.700000 12.203995 20.764264 0.000000 0.000000 0.000000 0.396661 0.917965
19.800000 12.272527 20.837088 0.000000 0.000000 0.000000 0.464329 0.885663
19.900000 12.409490 20.901733 0.000000 0.000000 0.000000 0.466932 0.884293
20.000000 12.465885 20.984314 0.000000 0.000000 0.000000 0.399360 0.916794
20.100000 12.533987 21.057540 0.000000 0.000000 0.000000 0.343772 0.939053
20.200000 12.610351 21.122104 0.000000 0.000000 0.000000 0.272443 0.962172
20.300000 12.695506 21.174532 0.000000 0.000000 0.000000 0.199581 0.979881
20.400000 12.787540 21.213645 0.000000 0.000000 0.000000 0.272443 0.962172
20.500000 12.872695 21.266072 0.000000 0.000000 0.000000 0.219766 0.975553
20.600000 12.963035 21.308951 0.000000 0.000000 0.000000 0.146050 0.989277
20.700000 13.058769 21.337848 0.000000 0.000000 0.000000 0.071513 0.997440
20.800000 13.157746 21.352114 0.000000 0.000000 0.000000 0.039311 0.999227
20.900000 13.151113 21.024432 0.000000 0.000000 0.000000 0.048164 0.998839
21.000000 13.250649 21.034054 0.000000 -0.000000 -0.000000 -0.026814 0.999640
21.100000 13.350505 21.028693 0.000000 -0.000000 -0.000000 -0.012998 0.999916
21.200000 13.450472 21.026093 0.000000 0.000000 0.000000 0.026210 0.999656
21.300000 13.550334 21.031334 0.000000 -0.000000 -0.000000 -0.048767 0.998810
21.400000 13.649859 21.021592 0.000000 -0.000000 -0.000000 -0.118009 0.993013
21.500000 13.747073 20.998155 0.000000 -0.000000 -0.000000 -0.085074 0.996375
21.600000 13.845626 20.981202 0.000000 -0.000000 -0.000000 -0.055712 0.998447
21.700000 13.945005 20.970077 0.000000 -0.000000 -0.000000 -0.116109 0.993236
21.800000 14.042309 20.947012 0.000000 -0.000000 -0.000000 -0.138433 0.990372
21.900000 14.131067 20.767365 0.000000 -0.000000 -0.000000 -0.229380 0.973337
22.000000 14.220544 20.722712 0.000000 -0.000000 -0.000000 -0.301667 0.953413
22.100000 14.302343 20.665190 0.000000 -0.000000 -0.000000 -0.278443 0.960453
22.200000 14.386837 20.611703 0.000000 -0.000000 -0.000000 -0.263988 0.964526
22.300000 14.472899 20.560778 0.000000 -0.000000 -0.000000 -0.190975 0.981595
22.400000 14.565605 20.523287 0.000000 -0.000000 -0.000000 -0.116887 0.993145
22.500000 14.662872 20.500069 0.000000 -0.000000 -0.000000 -0.190975 0.981595
22.600000 14.755578 20.462577 0.000000 -0.000000 -0.000000 -0.116887 0.993145
22.700000 14.852845 20.439360 0.000000 -0.000000 -0.000000 -0.042143 0.999112
22.800000 14.952490 20.430939 0.000000 -0.000000 -0.000000 -0.031977 0.999489
22.900000 14.754370 19.972701 0.000000 -0.000000 -0.000000 -0.118816 0.992916
23.000000 14.851546 19.949107 0.000000 -0.000000 -0.000000 -0.056000 0.998431
23.100000 14.950919 19.937924 0.000000 -0.000000 -0.000000 -0.097827 0.995203
23.200000 15.049005 19.918453 0.000000 -0.000000 -0.000000 -0.022981 0.999736
23.300000 15.148900 19.913857 0.000000 -0.000000 -0.000000 -0.097827 0.995203
23.400000 15.246986 19.894386 0.000000 -0.000000 -0.000000 -0.172122 0.985076
23.500000 15.341060 19.860475 0.000000 -0.000000 -0.000000 -0.245450 0.969409
23.600000 15.429011 19.812887 0.000000 -0.000000 -0.000000 -0.182121 0.983276
23.700000 15.522378 19.777072 0.000000 -0.000000 -0.000000 -0.207480 0.978239
23.800000 15.613768 19.736479 0.000000 -0.000000 -0.000000 -0.280196 0.959943
23.900000 16.062969 19.571860 0.000000 -0.000000 -0.000000 -0.274001 0.961729
24.000000 16.147953 19.519157 0.000000 -0.000000 -0.000000 -0.201169 0.979557
24.100000 16.239860 19.479745 0.000000 -0.000000 -0.000000 -0.274001 0.961729
24.200000 16.324844 19.427042 0.000000 -0.000000 -0.000000 -0.201169 0.979557
24.300000 16.416751 19.387631 0.000000 -0.000000 -0.000000 -0.254972 0.966948
24.400000 16.503748 19.338322 0.000000 -0.000000 -0.000000 -0.326709 0.945125
24.500000 16.582401 19.276566 0.000000 -0.000000 -0.000000 -0.254972 0.966948
24.600000 16.669399 19.227257 0.000000 -0.000000 -0.000000 -0.181802 0.983335
24.700000 16.762788 19.191503 0.000000 -0.000000 -0.000000 -0.107610 0.994193
24.800000 16.860472 19.170105 0.000000 -0.000000 -0.000000 -0.167346 0.985898
24.900000 16.883558 19.077132 0.000000 -0.000000 -0.000000 -0.272935 0.962032
25.000000 16.968659 19.024617 0.000000 -0.000000 -0.000000 -0.326746 0.945112
25.100000 17.047307 18.962855 0.000000 -0.000000 -0.000000 -0.323655 0.946175
25.200000 17.126356 18.901608 0.000000 -0.000000 -0.000000 -0.348972 0.937133
25.300000 17.202000 18.836201 0.000000 -0.000000 -0.000000 -0.370970 0.928645
25.400000 17.274476 18.767301 0.000000 -0.000000 -0.000000 -0.354989 0.934870
25.500000 17.349273 18.700928 0.000000 -0.000000 -0.000000 -0.424041 0.905643
25.600000 17.413311 18.624122 0.000000 -0.000000 -0.000000 -0.490708 0.871324
25.700000 17.465152 18.538608 0.000000 -0.000000 -0.000000 -0.545977 0.837800
25.800000 17.505533 18.447125 0.000000 -0.000000 -0.000000 -0.607218 0.794535
25.900000 17.473155 18.347955 0.000000 -0.000000 -0.000000 -0.693725 0.720240
26.000000 17.476904 18.248025 0.000000 -0.000000 -0.000000 -0.745742 0.666235
26.100000 17.465678 18.148657 0.000000 -0.000000 -0.000000 -0.793566 0.608484
26.200000 17.439728 18.052083 0.000000 -0.000000 -0.000000 -0.836929 0.547311
26.300000 17.399638 17.960470 0.000000 -0.000000 -0.000000 -0.875586 0.483062
26.400000 17.346308 17.875878 0.000000 -0.000000 -0.000000 -0.909320 0.416097
26.500000 17.280935 17.800205 0.000000 -0.000000 -0.000000 -0.934612 0.355668
26.600000 17.206236 17.733723 0.000000 -0.000000 -0.000000 -0.958635 0.284638
26.700000 17.122439 17.679150 0.000000 -0.000000 -0.000000 -0.977268 0.212008
26.800000 17.031429 17.637712 0.000000 -0.000000 -0.000000 -0.990406 0.138186
26.900000 17.080209 17.673979 0.000000 -0.000000 -0.000000 -0.999024 0.044181
27.000000 16.980600 17.665152 0.000000 0.000000 0.000000 0.999526 0.030799
27.100000 16.880789 17.671309 0.000000 0.000000 0.000000 0.994408 0.105607
27.200000 16.783020 17.692312 0.000000 0.000000 0.000000 0.983699 0.179821
27.300000 16.689487 17.727690 0.000000 0.000000 0.000000 0.967460 0.253024
27.400000 16.602291 17.776648 0.000000 0.000000 0.000000 0.945781 0.324804
27.500000 16.523391 17.838087 0.000000 0.000000 0.000000 0.918785 0.394758
27.600000 16.454557 17.910626 0.000000 0.000000 0.000000 0.935484 0.353369
27.700000 16.379531 17.976740 0.000000 0.000000 0.000000 0.908638 0.417585
27.800000 16.314407 18.052627 0.000000 0.000000 0.000000 0.910599 0.413291
27.900000 16.552031 18.095334 0.000000 0.000000 0.000000 0.891755 0.452519
28.000000 16.492986 18.176041 0.000000 0.000000 0.000000 0.923155 0.384428
28.100000 16.422543 18.247018 0.000000 0.000000 0.000000 0.891755 0.452519
28.200000 16.363498 18.327726 0.000000 0.000000 0.000000 0.890633 0.454723
28.300000 16.304852 18.408724 0.000000 0.000000 0.000000 0.922202 0.386710
28.400000 16.234761 18.480049 0.000000 0.000000 0.000000 0.890633 0.454723
28.500000 16.176116 18.561047 0.000000 0.000000 0.000000 0.869768 0.493460
28.600000 16.124816 18.646886 0.000000 0.000000 0.000000 0.830348 0.557245
28.700000 16.086920 18.739428 0.000000 0.000000 0.000000 0.839988 0.542605
28.800000 16.045804 18.830584 0.000000 0.000000 0.000000 0.878284 0.478139
28.900000 15.967944 19.015236 0.000000 0.000000 0.000000 0.876621 0.481181
29.000000 15.914251 19.099598 0.000000 0.000000 0.000000 0.856775 0.515691
29.100000 15.867439 19.187965 0.000000 0.000000 0.000000 0.823235 0.567700
29.200000 15.831895 19.281435 0.000000 0.000000 0.000000 0.863459 0.504420
29.300000 15.782783 19.368544 0.000000 0.000000 0.000000 0.823235 0.567700
29.400000 15.747240 19.462014 0.000000 0.000000 0.000000 0.778383 0.627789
29.500000 15.726064 19.559746 0.000000 0.000000 0.000000 0.823235 0.567700
29.600000 15.690521 19.653216 0.000000 0.000000 0.000000 0.778383 0.627789
29.700000 15.669345 19.750949 0.000000 0.000000 0.000000 0.823235 0.567700
29.800000 15.633801 19.844419 0.000000 0.000000 0.000000 0.817566 0.575834
29.900000 15.323234 19.706733 0.000000 0.000000 0.000000 0.759334 0.650701
30.000000 15.307916 19.805553 0.000000 0.000000 0.000000 0.804374 0.594123
30.100000 15.278513 19.901133 0.000000 0.000000 0.000000 0.772893 0.634536
