0.000000 3.306789 9.801987 0.000000 -0.000000 -0.000000 -0.048522 0.998822
0.100000 3.399934 9.800039 0.000000 0.000000 0.000000 0.022880 0.999738
0.200000 3.476571 9.797109 0.000000 -0.000000 -0.000000 -0.054562 0.998510
0.300000 3.586539 9.790239 0.000000 -0.000000 -0.000000 -0.131234 0.991351
0.400000 3.681616 9.750761 0.000000 -0.000000 -0.000000 -0.098999 0.995087
0.500000 3.769588 9.708326 0.000000 -0.000000 -0.000000 -0.099151 0.995072
0.600000 3.868700 9.698364 0.000000 -0.000000 -0.000000 -0.177579 0.984107
0.700000 3.943923 9.678925 0.000000 -0.000000 -0.000000 -0.251317 0.967905
0.800000 4.049036 9.630849 0.000000 -0.000000 -0.000000 -0.194177 0.980967
0.900000 4.470538 9.527253 0.000000 -0.000000 -0.000000 -0.141483 0.989941
1.000000 4.554424 9.495590 0.000000 -0.000000 -0.000000 -0.214904 0.976635
1.100000 4.659277 9.447714 0.000000 -0.000000 -0.000000 -0.288379 0.957516
1.200000 4.744641 9.393669 0.000000 -0.000000 -0.000000 -0.217708 0.976014
1.300000 4.836060 9.350396 0.000000 -0.000000 -0.000000 -0.259439 0.965759
1.400000 4.922098 9.309136 0.000000 -0.000000 -0.000000 -0.206373 0.978473
1.500000 5.012516 9.256239 0.000000 -0.000000 -0.000000 -0.161153 0.986929
1.600000 5.101011 9.223338 0.000000 -0.000000 -0.000000 -0.099053 0.995082
1.700000 5.207952 9.214413 0.000000 -0.000000 -0.000000 -0.012777 0.999918
1.800000 5.315104 9.201288 0.000000 0.000000 0.000000 0.062421 0.998050
1.900000 5.737876 8.730832 0.000000 -0.000000 -0.000000 -0.047227 0.998884
2.000000 5.833995 8.711218 0.000000 0.000000 0.000000 0.029106 0.999576
2.100000 5.929927 8.708897 0.000000 -0.000000 -0.000000 -0.050861 0.998706
2.200000 6.038253 8.671523 0.000000 -0.000000 -0.000000 -0.095310 0.995448
2.300000 6.118633 8.650719 0.000000 -0.000000 -0.000000 -0.170213 0.985407
2.400000 6.217239 8.615765 0.000000 -0.000000 -0.000000 -0.241371 0.970433
2.500000 6.302803 8.579589 0.000000 -0.000000 -0.000000 -0.173845 0.984773
2.600000 6.388985 8.561854 0.000000 -0.000000 -0.000000 -0.237810 0.971312
2.700000 6.471278 8.498247 0.000000 -0.000000 -0.000000 -0.185038 0.982731
2.800000 6.567538 8.473712 0.000000 -0.000000 -0.000000 -0.262212 0.965010
2.900000 5.386387 8.805034 0.000000 -0.000000 -0.000000 -0.139500 0.990222
3.000000 5.485270 8.760560 0.000000 -0.000000 -0.000000 -0.065264 0.997868
3.100000 5.566179 8.761684 0.000000 -0.000000 -0.000000 -0.064084 0.997945
3.200000 5.662496 8.742213 0.000000 -0.000000 -0.000000 -0.055771 0.998444
3.300000 5.750346 8.728978 0.000000 0.000000 0.000000 0.023848 0.999716
3.400000 5.829633 8.736050 0.000000 0.000000 0.000000 0.097744 0.995212
3.500000 5.909630 8.757891 0.000000 0.000000 0.000000 0.173257 0.984877
3.600000 5.983827 8.814433 0.000000 0.000000 0.000000 0.245377 0.969428
3.700000 6.062015 8.856524 0.000000 0.000000 0.000000 0.311885 0.950120
3.800000 6.131524 8.909614 0.000000 0.000000 0.000000 0.274914 0.961469
3.900000 7.105481 8.754422 0.000000 0.000000 0.000000 0.191522 0.981488
4.000000 7.207908 8.797884 0.000000 0.000000 0.000000 0.218375 0.975865
4.100000 7.305027 8.847994 0.000000 0.000000 0.000000 0.287758 0.957703
4.200000 7.392686 8.901871 0.000000 0.000000 0.000000 0.232201 0.972668
4.300000 7.491826 8.942318 0.000000 0.000000 0.000000 0.271211 0.962520
4.400000 7.585350 8.985128 0.000000 0.000000 0.000000 0.236951 0.971522
4.500000 7.668362 9.037841 0.000000 0.000000 0.000000 0.310877 0.950450
4.600000 7.739173 9.087385 0.000000 0.000000 0.000000 0.376561 0.926392
4.700000 7.804561 9.160528 0.000000 0.000000 0.000000 0.447864 0.894102
4.800000 7.842902 9.235457 0.000000 0.000000 0.000000 0.513906 0.857847
4.900000 7.433915 9.270278 0.000000 0.000000 0.000000 0.505464 0.862848
5.000000 7.466245 9.356858 0.000000 0.000000 0.000000 0.572901 0.819625
5.100000 7.478785 9.439814 0.000000 0.000000 0.000000 0.509535 0.860450
5.200000 7.511629 9.512528 0.000000 0.000000 0.000000 0.493389 0.869809
5.300000 7.546319 9.590338 0.000000 0.000000 0.000000 0.559299 0.828966
5.400000 7.592870 9.685281 0.000000 0.000000 0.000000 0.614162 0.789180
5.500000 7.621446 9.782671 0.000000 0.000000 0.000000 0.572631 0.819814
5.600000 7.626787 9.860293 0.000000 0.000000 0.000000 0.537811 0.843065
5.700000 7.670810 9.940742 0.000000 0.000000 0.000000 0.587487 0.809234
5.800000 7.698036 10.018504 0.000000 0.000000 0.000000 0.624339 0.781153
5.900000 7.918642 9.160746 0.000000 0.000000 0.000000 0.567642 0.823275
6.000000 7.956052 9.245750 0.000000 0.000000 0.000000 0.625736 0.780035
6.100000 7.977461 9.344383 0.000000 0.000000 0.000000 0.623038 0.782191
6.200000 7.989510 9.437857 0.000000 0.000000 0.000000 0.653022 0.757339
6.300000 8.002756 9.525800 0.000000 0.000000 0.000000 0.709289 0.704918
6.400000 7.995952 9.634766 0.000000 0.000000 0.000000 0.756707 0.653754
6.500000 8.001454 9.740044 0.000000 0.000000 0.000000 0.715557 0.698554
6.600000 7.981605 9.844399 0.000000 0.000000 0.000000 0.686822 0.726825
6.700000 8.003833 9.929412 0.000000 0.000000 0.000000 0.709758 0.704445
6.800000 8.025013 10.024801 0.000000 0.000000 0.000000 0.758929 0.651173
6.900000 7.819344 11.162654 0.000000 0.000000 0.000000 0.780712 0.624892
7.000000 7.796388 11.239364 0.000000 0.000000 0.000000 0.825319 0.564667
7.100000 7.740453 11.314670 0.000000 0.000000 0.000000 0.851924 0.523666
7.200000 7.684604 11.388898 0.000000 0.000000 0.000000 0.847009 0.531579
7.300000 7.655866 11.467041 0.000000 0.000000 0.000000 0.805054 0.593202
7.400000 7.619672 11.573564 0.000000 0.000000 0.000000 0.757983 0.652275
7.500000 7.590117 11.663025 0.000000 0.000000 0.000000 0.803311 0.595560
7.600000 7.556375 11.753308 0.000000 0.000000 0.000000 0.756597 0.653881
7.700000 7.544635 11.844933 0.000000 0.000000 0.000000 0.800282 0.599624
7.800000 7.527757 11.933088 0.000000 0.000000 0.000000 0.806569 0.591140
7.900000 8.460459 12.094145 0.000000 0.000000 0.000000 0.690627 0.723211
8.000000 8.466806 12.173653 0.000000 0.000000 0.000000 0.685171 0.728382
8.100000 8.487818 12.265251 0.000000 0.000000 0.000000 0.704287 0.709916
8.200000 8.489198 12.328083 0.000000 0.000000 0.000000 0.650625 0.759399
8.300000 8.511463 12.414511 0.000000 0.000000 0.000000 0.596183 0.802848
8.400000 8.533758 12.499798 0.000000 0.000000 0.000000 0.633967 0.773360
8.500000 8.575512 12.586562 0.000000 0.000000 0.000000 0.689417 0.724364
8.600000 8.566412 12.691821 0.000000 0.000000 0.000000 0.740151 0.672441
8.700000 8.576164 12.803992 0.000000 0.000000 0.000000 0.786627 0.617429
8.800000 8.548854 12.886836 0.000000 0.000000 0.000000 0.767666 0.640850
8.900000 8.517423 13.597414 0.000000 0.000000 0.000000 0.817676 0.575679
9.000000 8.498924 13.680547 0.000000 0.000000 0.000000 0.770100 0.637923
9.100000 8.476454 13.766890 0.000000 0.000000 0.000000 0.769750 0.638346
9.200000 8.460389 13.878346 0.000000 0.000000 0.000000 0.796521 0.604611
9.300000 8.442515 13.980107 0.000000 0.000000 0.000000 0.781013 0.624515
9.400000 8.417363 14.071997 0.000000 0.000000 0.000000 0.731368 0.681983
9.500000 8.419267 14.162810 0.000000 0.000000 0.000000 0.678379 0.734712
9.600000 8.434512 14.252534 0.000000 0.000000 0.000000 0.727710 0.685885
9.700000 8.423349 14.329973 0.000000 0.000000 0.000000 0.749852 0.661606
9.800000 8.424540 14.399743 0.000000 0.000000 0.000000 0.771671 0.636021
9.900000 8.544916 15.077693 0.000000 0.000000 0.000000 0.760709 0.649093
10.000000 8.511457 15.165330 0.000000 0.000000 0.000000 0.801483 0.598017
10.100000 8.491555 15.271447 0.000000 0.000000 0.000000 0.843626 0.536931
10.200000 8.442913 15.344711 0.000000 0.000000 0.000000 0.879801 0.475343
10.300000 8.393228 15.395766 0.000000 0.000000 0.000000 0.874021 0.485888
10.400000 8.346477 15.483808 0.000000 0.000000 0.000000 0.898979 0.437992
10.500000 8.282528 15.561660 0.000000 0.000000 0.000000 0.865712 0.500542
10.600000 8.236727 15.638151 0.000000 0.000000 0.000000 0.841853 0.539707
10.700000 8.215891 15.725379 0.000000 0.000000 0.000000 0.880838 0.473417
10.800000 8.170881 15.800877 0.000000 0.000000 0.000000 0.902886 0.429879
10.900000 7.922079 15.069154 0.000000 0.000000 0.000000 0.879672 0.475580
11.000000 7.862048 15.150659 0.000000 0.000000 0.000000 0.858143 0.513410
11.100000 7.809400 15.233286 0.000000 0.000000 0.000000 0.880671 0.473729
11.200000 7.759792 15.331239 0.000000 0.000000 0.000000 0.842902 0.538067
11.300000 7.718441 15.414397 0.000000 0.000000 0.000000 0.870272 0.492571
11.400000 7.687178 15.481530 0.000000 0.000000 0.000000 0.831278 0.555856
11.500000 7.658729 15.572001 0.000000 0.000000 0.000000 0.816917 0.576755
11.600000 7.624955 15.674708 0.000000 0.000000 0.000000 0.772939 0.634480
11.700000 7.603720 15.781901 0.000000 0.000000 0.000000 0.818832 0.574033
11.800000 7.575678 15.886988 0.000000 0.000000 0.000000 0.822563 0.568674
11.900000 7.785669 16.017506 0.000000 0.000000 0.000000 0.882757 0.469829
12.000000 7.740467 16.097115 0.000000 0.000000 0.000000 0.904700 0.426049
12.100000 7.679083 16.172527 0.000000 0.000000 0.000000 0.872743 0.488179
12.200000 7.630971 16.255061 0.000000 0.000000 0.000000 0.834143 0.551548
12.300000 7.599135 16.336744 0.000000 0.000000 0.000000 0.843300 0.537443
12.400000 7.552286 16.425356 0.000000 0.000000 0.000000 0.847866 0.530211
12.500000 7.515713 16.511323 0.000000 0.000000 0.000000 0.833536 0.552466
12.600000 7.487438 16.596562 0.000000 0.000000 0.000000 0.790038 0.613058
12.700000 7.438417 16.694013 0.000000 0.000000 0.000000 0.799703 0.600396
12.800000 7.413513 16.775492 0.000000 0.000000 0.000000 0.751591 0.659630
12.900000 7.517754 17.082655 0.000000 0.000000 0.000000 0.777560 0.628809
13.000000 7.482855 17.185827 0.000000 0.000000 0.000000 0.751609 0.659608
13.100000 7.462622 17.264826 0.000000 0.000000 0.000000 0.700278 0.713870
13.200000 7.478637 17.359742 0.000000 0.000000 0.000000 0.647966 0.761669
13.300000 7.504848 17.453453 0.000000 0.000000 0.000000 0.587568 0.809175
13.400000 7.536299 17.549997 0.000000 0.000000 0.000000 0.524420 0.851460
13.500000 7.568424 17.646200 0.000000 0.000000 0.000000 0.569695 0.821856
13.600000 7.589223 17.738792 0.000000 0.000000 0.000000 0.506414 0.862291
13.700000 7.633289 17.814172 0.000000 0.000000 0.000000 0.446166 0.894950
13.800000 7.704904 17.870542 0.000000 0.000000 0.000000 0.408702 0.912668
13.900000 7.980808 17.874581 0.000000 0.000000 0.000000 0.265191 0.964196
14.000000 8.079367 17.926042 0.000000 0.000000 0.000000 0.302492 0.953152
14.100000 8.149517 17.968492 0.000000 0.000000 0.000000 0.238567 0.971126
14.200000 8.230673 18.015174 0.000000 0.000000 0.000000 0.233327 0.972398
14.300000 8.302438 18.050752 0.000000 0.000000 0.000000 0.259143 0.965839
14.400000 8.382026 18.101332 0.000000 0.000000 0.000000 0.188566 0.982061
14.500000 8.495881 18.112831 0.000000 0.000000 0.000000 0.111620 0.993751
14.600000 8.595027 18.158316 0.000000 0.000000 0.000000 0.061581 0.998102
14.700000 8.680658 18.174094 0.000000 0.000000 0.000000 0.132835 0.991138
14.800000 8.773461 18.210759 0.000000 0.000000 0.000000 0.193019 0.981195
14.900000 8.316819 18.457117 0.000000 0.000000 0.000000 0.208511 0.978020
15.000000 8.402472 18.500694 0.000000 0.000000 0.000000 0.135870 0.990727
15.100000 8.474001 18.529772 0.000000 0.000000 0.000000 0.213081 0.977034
15.200000 8.560563 18.566153 0.000000 0.000000 0.000000 0.140543 0.990075
15.300000 8.651647 18.597880 0.000000 0.000000 0.000000 0.125268 0.992123
15.400000 8.728366 18.646131 0.000000 0.000000 0.000000 0.167076 0.985944
15.500000 8.820084 18.673630 0.000000 0.000000 0.000000 0.102956 0.994686
15.600000 8.924685 18.696088 0.000000 0.000000 0.000000 0.029365 0.999569
15.700000 9.012747 18.695974 0.000000 0.000000 0.000000 0.094932 0.995484
15.800000 9.115118 18.716469 0.000000 0.000000 0.000000 0.065364 0.997861
15.900000 9.181178 18.624643 0.000000 0.000000 0.000000 0.094577 0.995518
16.000000 9.276955 18.639151 0.000000 0.000000 0.000000 0.022694 0.999742
16.100000 9.360439 18.633449 0.000000 -0.000000 -0.000000 -0.050471 0.998726
16.200000 9.451357 18.629783 0.000000 0.000000 0.000000 0.020881 0.999782
16.300000 9.556320 18.623157 0.000000 0.000000 0.000000 0.093578 0.995612
16.400000 9.634274 18.656427 0.000000 0.000000 0.000000 0.126376 0.991982
16.500000 9.720443 18.679343 0.000000 0.000000 0.000000 0.197192 0.980365
16.600000 9.837655 18.709046 0.000000 0.000000 0.000000 0.249072 0.968485
16.700000 9.925258 18.742180 0.000000 0.000000 0.000000 0.255082 0.966919
16.800000 10.003589 18.782120 0.000000 0.000000 0.000000 0.183320 0.983053
16.900000 9.305001 18.947690 0.000000 0.000000 0.000000 0.336318 0.941748
17.000000 9.372185 18.995783 0.000000 0.000000 0.000000 0.409306 0.912397
17.100000 9.431191 19.075595 0.000000 0.000000 0.000000 0.348975 0.937132
17.200000 9.512173 19.147392 0.000000 0.000000 0.000000 0.418624 0.908160
17.300000 9.577158 19.230858 0.000000 0.000000 0.000000 0.482499 0.875897
17.400000 9.623777 19.322838 0.000000 0.000000 0.000000 0.548778 0.835968
17.500000 9.662276 19.408508 0.000000 0.000000 0.000000 0.601722 0.798705
17.600000 9.686630 19.522947 0.000000 0.000000 0.000000 0.553050 0.833148
17.700000 9.704985 19.620926 0.000000 0.000000 0.000000 0.563425 0.826167
17.800000 9.734426 19.701365 0.000000 0.000000 0.000000 0.540943 0.841059
17.900000 10.468131 19.756084 0.000000 0.000000 0.000000 0.405392 0.914143
18.000000 10.530639 19.823077 0.000000 0.000000 0.000000 0.454485 0.890754
18.100000 10.563656 19.903998 0.000000 0.000000 0.000000 0.385756 0.922601
18.200000 10.644976 19.954021 0.000000 0.000000 0.000000 0.451135 0.892456
18.300000 10.708416 20.053429 0.000000 0.000000 0.000000 0.378734 0.925505
18.400000 10.775144 20.135838 0.000000 0.000000 0.000000 0.384483 0.923132
18.500000 10.844793 20.193625 0.000000 0.000000 0.000000 0.314932 0.949114
18.600000 10.935602 20.240896 0.000000 0.000000 0.000000 0.342284 0.939597
18.700000 11.007720 20.306906 0.000000 0.000000 0.000000 0.295812 0.955246
18.800000 11.078208 20.366360 0.000000 0.000000 0.000000 0.370320 0.928904
18.900000 11.982732 19.804533 0.000000 0.000000 0.000000 0.394570 0.918866
19.000000 12.051425 19.870056 0.000000 0.000000 0.000000 0.321199 0.947012
19.100000 12.125482 19.934557 0.000000 0.000000 0.000000 0.308860 0.951108
19.200000 12.214032 20.003458 0.000000 0.000000 0.000000 0.303874 0.952712
19.300000 12.279176 20.057358 0.000000 0.000000 0.000000 0.235224 0.971941
19.400000 12.377221 20.086979 0.000000 0.000000 0.000000 0.263263 0.964724
19.500000 12.454369 20.138425 0.000000 0.000000 0.000000 0.336168 0.941802
19.600000 12.533837 20.197594 0.000000 0.000000 0.000000 0.263079 0.964774
19.700000 12.610945 20.257160 0.000000 0.000000 0.000000 0.340277 0.940325
19.800000 12.668148 20.313763 0.000000 0.000000 0.000000 0.409931 0.912117
19.900000 12.730715 20.672527 0.000000 0.000000 0.000000 0.486638 0.873604
20.000000 12.780245 20.760162 0.000000 0.000000 0.000000 0.418193 0.908358
20.100000 12.832370 20.828215 0.000000 0.000000 0.000000 0.367399 0.930064
20.200000 12.902996 20.880625 0.000000 0.000000 0.000000 0.297709 0.954657
20.300000 12.989504 20.935444 0.000000 0.000000 0.000000 0.226254 0.974068
20.400000 13.070736 20.960446 0.000000 0.000000 0.000000 0.293599 0.955929
20.500000 13.178504 21.019760 0.000000 0.000000 0.000000 0.242775 0.970083
20.600000 13.249889 21.065361 0.000000 0.000000 0.000000 0.168472 0.985706
20.700000 13.329693 21.109685 0.000000 0.000000 0.000000 0.093638 0.995606
20.800000 13.407670 21.134109 0.000000 0.000000 0.000000 0.064685 0.997906
20.900000 13.061787 20.460055 0.000000 0.000000 0.000000 0.079818 0.996809
21.000000 13.180169 20.485031 0.000000 0.000000 0.000000 0.005901 0.999983
21.100000 13.277608 20.483816 0.000000 0.000000 0.000000 0.021119 0.999777
21.200000 13.381871 20.505374 0.000000 0.000000 0.000000 0.059380 0.998235
21.300000 13.487189 20.523920 0.000000 -0.000000 -0.000000 -0.022225 0.999753
21.400000 13.591918 20.518942 0.000000 -0.000000 -0.000000 -0.087634 0.996153
21.500000 13.684745 20.498899 0.000000 -0.000000 -0.000000 -0.053728 0.998556
21.600000 13.766713 20.484974 0.000000 -0.000000 -0.000000 -0.019443 0.999811
21.700000 13.869916 20.491052 0.000000 -0.000000 -0.000000 -0.082114 0.996623
21.800000 13.965448 20.480898 0.000000 -0.000000 -0.000000 -0.099799 0.995008
21.900000 14.083234 20.294392 0.000000 -0.000000 -0.000000 -0.238617 0.971114
22.000000 14.158529 20.235760 0.000000 -0.000000 -0.000000 -0.307381 0.951586
22.100000 14.235544 20.173095 0.000000 -0.000000 -0.000000 -0.282660 0.959220
22.200000 14.338185 20.125246 0.000000 -0.000000 -0.000000 -0.267255 0.963626
22.300000 14.415634 20.100861 0.000000 -0.000000 -0.000000 -0.192163 0.981363
22.400000 14.515938 20.055743 0.000000 -0.000000 -0.000000 -0.114331 0.993443
22.500000 14.622720 20.031681 0.000000 -0.000000 -0.000000 -0.188359 0.982100
22.600000 14.709054 20.000145 0.000000 -0.000000 -0.000000 -0.112764 0.993622
22.700000 14.807583 19.962161 0.000000 -0.000000 -0.000000 -0.039425 0.999223
22.800000 14.900714 19.958584 0.000000 -0.000000 -0.000000 -0.029269 0.999572
22.900000 14.377324 19.047550 0.000000 -0.000000 -0.000000 -0.152497 0.988304
23.000000 14.444902 19.010577 0.000000 -0.000000 -0.000000 -0.087943 0.996125
23.100000 14.531093 18.989190 0.000000 -0.000000 -0.000000 -0.135079 0.990835
23.200000 14.634438 18.965346 0.000000 -0.000000 -0.000000 -0.058254 0.998302
23.300000 14.751343 18.962262 0.000000 -0.000000 -0.000000 -0.132273 0.991213
23.400000 14.840586 18.933563 0.000000 -0.000000 -0.000000 -0.203429 0.979090
23.500000 14.923813 18.872540 0.000000 -0.000000 -0.000000 -0.273659 0.961827
23.600000 14.981935 18.819607 0.000000 -0.000000 -0.000000 -0.212119 0.977244
23.700000 15.066535 18.788457 0.000000 -0.000000 -0.000000 -0.237853 0.971301
23.800000 15.146360 18.749558 0.000000 -0.000000 -0.000000 -0.306119 0.951993
23.900000 16.241543 18.864553 0.000000 -0.000000 -0.000000 -0.298662 0.954359
24.000000 16.301945 18.815929 0.000000 -0.000000 -0.000000 -0.226192 0.974083
24.100000 16.385228 18.778254 0.000000 -0.000000 -0.000000 -0.298408 0.954438
24.200000 16.451757 18.713872 0.000000 -0.000000 -0.000000 -0.222976 0.974824
24.300000 16.531688 18.676569 0.000000 -0.000000 -0.000000 -0.275369 0.961339
24.400000 16.625764 18.637294 0.000000 -0.000000 -0.000000 -0.345566 0.938395
24.500000 16.712358 18.567453 0.000000 -0.000000 -0.000000 -0.274773 0.961509
24.600000 16.794911 18.515796 0.000000 -0.000000 -0.000000 -0.202218 0.979340
24.700000 16.867033 18.450233 0.000000 -0.000000 -0.000000 -0.132072 0.991240
24.800000 16.943298 18.446000 0.000000 -0.000000 -0.000000 -0.192919 0.981215
24.900000 16.882491 18.610422 0.000000 -0.000000 -0.000000 -0.321345 0.946962
25.000000 16.971254 18.560836 0.000000 -0.000000 -0.000000 -0.373410 0.927666
25.100000 17.049914 18.490118 0.000000 -0.000000 -0.000000 -0.370094 0.928994
25.200000 17.120851 18.429679 0.000000 -0.000000 -0.000000 -0.391514 0.920172
25.300000 17.188410 18.358589 0.000000 -0.000000 -0.000000 -0.411723 0.911309
25.400000 17.245189 18.268419 0.000000 -0.000000 -0.000000 -0.397604 0.917557
25.500000 17.316169 18.207439 0.000000 -0.000000 -0.000000 -0.469244 0.883069
25.600000 17.383579 18.132908 0.000000 -0.000000 -0.000000 -0.539017 0.842295
25.700000 17.436339 18.049092 0.000000 -0.000000 -0.000000 -0.592661 0.805452
25.800000 17.444751 17.968177 0.000000 -0.000000 -0.000000 -0.652138 0.758100
25.900000 17.369077 18.097479 0.000000 -0.000000 -0.000000 -0.740054 0.672548
26.000000 17.366515 18.000624 0.000000 -0.000000 -0.000000 -0.788137 0.615499
26.100000 17.361431 17.890288 0.000000 -0.000000 -0.000000 -0.836209 0.548410
26.200000 17.309333 17.797292 0.000000 -0.000000 -0.000000 -0.874614 0.484821
26.300000 17.271910 17.724684 0.000000 -0.000000 -0.000000 -0.908324 0.418267
26.400000 17.224958 17.637102 0.000000 -0.000000 -0.000000 -0.937332 0.348437
26.500000 17.131919 17.568766 0.000000 -0.000000 -0.000000 -0.957423 0.288687
26.600000 17.047795 17.524823 0.000000 -0.000000 -0.000000 -0.976654 0.214819
26.700000 16.949422 17.476226 0.000000 -0.000000 -0.000000 -0.989420 0.145081
26.800000 16.868496 17.451670 0.000000 -0.000000 -0.000000 -0.997387 0.072237
26.900000 17.166878 17.708674 0.000000 0.000000 0.000000 0.999937 0.011221
27.000000 17.068310 17.723808 0.000000 0.000000 0.000000 0.996192 0.087181
27.100000 16.969249 17.737892 0.000000 0.000000 0.000000 0.986484 0.163855
27.200000 16.867088 17.764900 0.000000 0.000000 0.000000 0.972543 0.232725
27.300000 16.786286 17.803108 0.000000 0.000000 0.000000 0.953701 0.300757
27.400000 16.686552 17.863665 0.000000 0.000000 0.000000 0.928818 0.370536
27.500000 16.599076 17.944789 0.000000 0.000000 0.000000 0.896044 0.443965
27.600000 16.531566 18.035333 0.000000 0.000000 0.000000 0.914621 0.404311
27.700000 16.472033 18.115392 0.000000 0.000000 0.000000 0.882547 0.470225
27.800000 16.416146 18.202841 0.000000 0.000000 0.000000 0.884142 0.467219
27.900000 16.984240 18.034426 0.000000 0.000000 0.000000 0.898158 0.439673
28.000000 16.920346 18.086272 0.000000 0.000000 0.000000 0.928048 0.372460
28.100000 16.832439 18.159703 0.000000 0.000000 0.000000 0.899892 0.436112
28.200000 16.788347 18.239972 0.000000 0.000000 0.000000 0.897790 0.440424
28.300000 16.742898 18.312521 0.000000 0.000000 0.000000 0.928340 0.371732
28.400000 16.666833 18.363694 0.000000 0.000000 0.000000 0.899950 0.435993
28.500000 16.626626 18.432310 0.000000 0.000000 0.000000 0.882146 0.470976
28.600000 16.573446 18.489660 0.000000 0.000000 0.000000 0.844031 0.536295
28.700000 16.519715 18.590359 0.000000 0.000000 0.000000 0.855096 0.518469
28.800000 16.482261 18.666296 0.000000 0.000000 0.000000 0.890872 0.454255
28.900000 16.096912 19.093344 0.000000 0.000000 0.000000 0.889350 0.457227
29.000000 16.053897 19.166337 0.000000 0.000000 0.000000 0.871131 0.491051
29.100000 16.023236 19.246321 0.000000 0.000000 0.000000 0.838521 0.544869
29.200000 15.975624 19.327517 0.000000 0.000000 0.000000 0.873905 0.486096
29.300000 15.923736 19.399539 0.000000 0.000000 0.000000 0.833826 0.552028
29.400000 15.895025 19.501041 0.000000 0.000000 0.000000 0.793637 0.608392
29.500000 15.852529 19.615556 0.000000 0.000000 0.000000 0.837679 0.546163
29.600000 15.813236 19.711344 0.000000 0.000000 0.000000 0.794060 0.607839
29.700000 15.784698 19.795278 0.000000 0.000000 0.000000 0.836809 0.547495
29.800000 15.741916 19.874975 0.000000 0.000000 0.000000 0.828903 0.559392
29.900000 15.020554 19.421087 0.000000 0.000000 0.000000 0.747356 0.664424
30.000000 15.031182 19.509216 0.000000 0.000000 0.000000 0.792684 0.609632
30.100000 14.999891 19.610321 0.000000 0.000000 0.000000 0.757675 0.652632
