0.000000 3.100000 10.000000 0.000000 -0.000000 -0.000000 -0.074930 0.997189
0.100000 3.198877 9.985056 0.000000 0.000000 0.000000 0.000000 1.000000
0.200000 3.298877 9.985056 0.000000 -0.000000 -0.000000 -0.074930 0.997189
0.300000 3.397754 9.970112 0.000000 -0.000000 -0.000000 -0.149438 0.988771
0.400000 3.493288 9.940560 0.000000 -0.000000 -0.000000 -0.116851 0.993149
0.500000 3.590557 9.917350 0.000000 -0.000000 -0.000000 -0.113373 0.993553
0.600000 3.687986 9.894822 0.000000 -0.000000 -0.000000 -0.187501 0.982264
0.700000 3.780955 9.857987 0.000000 -0.000000 -0.000000 -0.260574 0.965454
0.800000 3.867375 9.807672 0.000000 -0.000000 -0.000000 -0.201382 0.979513
0.900000 3.959264 9.768221 0.000000 -0.000000 -0.000000 -0.222308 0.974976
1.000000 4.049380 9.724872 0.000000 -0.000000 -0.000000 -0.294738 0.955578
1.100000 4.132006 9.668543 0.000000 -0.000000 -0.000000 -0.365511 0.930807
1.200000 4.205286 9.600499 0.000000 -0.000000 -0.000000 -0.294738 0.955578
1.300000 4.287912 9.544170 0.000000 -0.000000 -0.000000 -0.336116 0.941821
1.400000 4.365318 9.480858 0.000000 -0.000000 -0.000000 -0.281699 0.959503
1.500000 4.449447 9.426800 0.000000 -0.000000 -0.000000 -0.237954 0.971276
1.600000 4.538122 9.380576 0.000000 -0.000000 -0.000000 -0.180534 0.983569
1.700000 4.631604 9.345062 0.000000 -0.000000 -0.000000 -0.106328 0.994331
1.800000 4.729343 9.323917 0.000000 -0.000000 -0.000000 -0.031524 0.999503
1.900000 4.829144 9.317616 0.000000 -0.000000 -0.000000 -0.106328 0.994331
2.000000 4.926883 9.296471 0.000000 -0.000000 -0.000000 -0.031524 0.999503
2.100000 5.026684 9.290169 0.000000 -0.000000 -0.000000 -0.106328 0.994331
2.200000 5.124423 9.269024 0.000000 -0.000000 -0.000000 -0.144954 0.989438
2.300000 5.220221 9.240339 0.000000 -0.000000 -0.000000 -0.218685 0.975795
2.400000 5.310656 9.197661 0.000000 -0.000000 -0.000000 -0.291186 0.956666
2.500000 5.393698 9.141947 0.000000 -0.000000 -0.000000 -0.219266 0.975665
2.600000 5.484082 9.099161 0.000000 -0.000000 -0.000000 -0.277802 0.960638
2.700000 5.568648 9.045788 0.000000 -0.000000 -0.000000 -0.227980 0.973666
2.800000 5.658253 9.001392 0.000000 -0.000000 -0.000000 -0.300296 0.953846
2.900000 5.740217 8.944105 0.000000 -0.000000 -0.000000 -0.370923 0.928664
3.000000 5.812700 8.875213 0.000000 -0.000000 -0.000000 -0.300296 0.953846
3.100000 5.894665 8.817925 0.000000 -0.000000 -0.000000 -0.299269 0.954169
3.200000 5.976752 8.760815 0.000000 -0.000000 -0.000000 -0.292495 0.956267
3.300000 6.059642 8.704874 0.000000 -0.000000 -0.000000 -0.220020 0.975495
3.400000 6.149960 8.661948 0.000000 -0.000000 -0.000000 -0.146308 0.989239
3.500000 6.245679 8.633002 0.000000 -0.000000 -0.000000 -0.071773 0.997421
3.600000 6.344648 8.618684 0.000000 0.000000 0.000000 0.003165 0.999995
3.700000 6.444646 8.619317 0.000000 0.000000 0.000000 0.078086 0.996947
3.800000 6.543427 8.634887 0.000000 0.000000 0.000000 0.043124 0.999070
3.900000 6.643055 8.643503 0.000000 0.000000 0.000000 0.117862 0.993030
4.000000 6.740277 8.666912 0.000000 0.000000 0.000000 0.147512 0.989060
4.100000 6.835925 8.696091 0.000000 0.000000 0.000000 0.221207 0.975227
4.200000 6.926138 8.739237 0.000000 0.000000 0.000000 0.166874 0.985978
4.300000 7.020569 8.772144 0.000000 0.000000 0.000000 0.207362 0.978264
4.400000 7.111969 8.812715 0.000000 0.000000 0.000000 0.173381 0.984855
4.500000 7.205957 8.846866 0.000000 0.000000 0.000000 0.246688 0.969095
4.600000 7.293786 8.894678 0.000000 0.000000 0.000000 0.313677 0.949530
4.700000 7.374107 8.954247 0.000000 0.000000 0.000000 0.383943 0.923357
4.800000 7.444625 9.025151 0.000000 0.000000 0.000000 0.452051 0.891992
4.900000 7.503755 9.105796 0.000000 0.000000 0.000000 0.452646 0.891690
5.000000 7.562777 9.186520 0.000000 0.000000 0.000000 0.518187 0.855267
5.100000 7.609074 9.275158 0.000000 0.000000 0.000000 0.452646 0.891690
5.200000 7.668096 9.355882 0.000000 0.000000 0.000000 0.434421 0.900710
5.300000 7.730352 9.434139 0.000000 0.000000 0.000000 0.500690 0.865627
5.400000 7.780214 9.520821 0.000000 0.000000 0.000000 0.560427 0.828204
5.500000 7.817398 9.613651 0.000000 0.000000 0.000000 0.515232 0.857050
5.600000 7.864305 9.701967 0.000000 0.000000 0.000000 0.477226 0.878781
5.700000 7.918756 9.785842 0.000000 0.000000 0.000000 0.528692 0.848814
5.800000 7.962853 9.875594 0.000000 0.000000 0.000000 0.566925 0.823770
5.900000 7.998572 9.968997 0.000000 0.000000 0.000000 0.551749 0.834010
6.000000 8.037687 10.061030 0.000000 0.000000 0.000000 0.612690 0.790323
6.100000 8.062609 10.157875 0.000000 0.000000 0.000000 0.607628 0.794222
6.200000 8.088767 10.254393 0.000000 0.000000 0.000000 0.634845 0.772640
6.300000 8.108161 10.352494 0.000000 0.000000 0.000000 0.690954 0.722899
6.400000 8.112678 10.452392 0.000000 0.000000 0.000000 0.743178 0.669094
6.500000 8.102215 10.551844 0.000000 0.000000 0.000000 0.701074 0.713089
6.600000 8.103914 10.651829 0.000000 0.000000 0.000000 0.668509 0.743704
6.700000 8.114533 10.751264 0.000000 0.000000 0.000000 0.693688 0.720276
6.800000 8.118293 10.851193 0.000000 0.000000 0.000000 0.745708 0.666273
6.900000 8.107077 10.950562 0.000000 0.000000 0.000000 0.693688 0.720276
7.000000 8.110836 11.050491 0.000000 0.000000 0.000000 0.745708 0.666273
7.100000 8.099620 11.149860 0.000000 0.000000 0.000000 0.776293 0.630372
7.200000 8.079094 11.247731 0.000000 0.000000 0.000000 0.772311 0.635244
7.300000 8.059801 11.345852 0.000000 0.000000 0.000000 0.722542 0.691327
7.400000 8.055387 11.445755 0.000000 0.000000 0.000000 0.668710 0.743524
7.500000 8.065953 11.545195 0.000000 0.000000 0.000000 0.722542 0.691327
7.600000 8.061539 11.645098 0.000000 0.000000 0.000000 0.668710 0.743524
7.700000 8.072105 11.744538 0.000000 0.000000 0.000000 0.722542 0.691327
7.800000 8.067692 11.844441 0.000000 0.000000 0.000000 0.728887 0.684634
7.900000 8.061437 11.944245 0.000000 0.000000 0.000000 0.778137 0.628095
8.000000 8.040337 12.041993 0.000000 0.000000 0.000000 0.769743 0.638354
8.100000 8.021836 12.140267 0.000000 0.000000 0.000000 0.786447 0.617658
8.200000 7.998136 12.237418 0.000000 0.000000 0.000000 0.737955 0.674850
8.300000 7.989221 12.337020 0.000000 0.000000 0.000000 0.685314 0.728247
8.400000 7.995290 12.436836 0.000000 0.000000 0.000000 0.719856 0.694123
8.500000 7.991651 12.536769 0.000000 0.000000 0.000000 0.769843 0.638233
8.600000 7.973120 12.635037 0.000000 0.000000 0.000000 0.815501 0.578755
8.700000 7.940111 12.729432 0.000000 0.000000 0.000000 0.856575 0.516023
8.800000 7.893367 12.817835 0.000000 0.000000 0.000000 0.842486 0.538719
8.900000 7.851411 12.908607 0.000000 0.000000 0.000000 0.799751 0.600332
9.000000 7.823490 13.004631 0.000000 0.000000 0.000000 0.752520 0.658569
9.100000 7.810233 13.103748 0.000000 0.000000 0.000000 0.750819 0.660508
9.200000 7.797487 13.202932 0.000000 0.000000 0.000000 0.781256 0.624211
9.300000 7.775415 13.300466 0.000000 0.000000 0.000000 0.766144 0.642669
9.400000 7.758020 13.398941 0.000000 0.000000 0.000000 0.715835 0.698269
9.500000 7.755536 13.498911 0.000000 0.000000 0.000000 0.661502 0.749944
9.600000 7.768019 13.598128 0.000000 0.000000 0.000000 0.715835 0.698269
9.700000 7.765535 13.698097 0.000000 0.000000 0.000000 0.740408 0.672157
9.800000 7.755894 13.797632 0.000000 0.000000 0.000000 0.762274 0.647254
9.900000 7.739681 13.896309 0.000000 0.000000 0.000000 0.718215 0.695822
10.000000 7.736515 13.996259 0.000000 0.000000 0.000000 0.761776 0.647841
10.100000 7.720455 14.094960 0.000000 0.000000 0.000000 0.808177 0.588940
10.200000 7.689825 14.190154 0.000000 0.000000 0.000000 0.850034 0.526728
10.300000 7.645313 14.279701 0.000000 0.000000 0.000000 0.842587 0.538561
10.400000 7.603323 14.370458 0.000000 0.000000 0.000000 0.869887 0.493250
10.500000 7.551982 14.456273 0.000000 0.000000 0.000000 0.830483 0.557044
10.600000 7.514042 14.548796 0.000000 0.000000 0.000000 0.801899 0.597460
10.700000 7.485433 14.644616 0.000000 0.000000 0.000000 0.844412 0.535694
10.800000 7.442827 14.735086 0.000000 0.000000 0.000000 0.869051 0.494722
10.900000 7.391777 14.821073 0.000000 0.000000 0.000000 0.862670 0.505767
11.000000 7.342937 14.908335 0.000000 0.000000 0.000000 0.838016 0.545646
11.100000 7.302483 14.999787 0.000000 0.000000 0.000000 0.861341 0.508026
11.200000 7.254101 15.087304 0.000000 0.000000 0.000000 0.820854 0.571138
11.300000 7.219341 15.181068 0.000000 0.000000 0.000000 0.849761 0.527167
11.400000 7.174922 15.270662 0.000000 0.000000 0.000000 0.807872 0.589358
11.500000 7.144390 15.365887 0.000000 0.000000 0.000000 0.793563 0.608489
11.600000 7.118442 15.462462 0.000000 0.000000 0.000000 0.745738 0.666240
11.700000 7.107217 15.561830 0.000000 0.000000 0.000000 0.793563 0.608489
11.800000 7.081269 15.658404 0.000000 0.000000 0.000000 0.796245 0.604974
11.900000 7.054468 15.754746 0.000000 0.000000 0.000000 0.832249 0.554402
12.000000 7.015940 15.847026 0.000000 0.000000 0.000000 0.857196 0.514990
12.100000 6.968983 15.935316 0.000000 0.000000 0.000000 0.816198 0.577772
12.200000 6.935747 16.029631 0.000000 0.000000 0.000000 0.770612 0.637305
12.300000 6.916978 16.127854 0.000000 0.000000 0.000000 0.779109 0.626889
12.400000 6.895576 16.225537 0.000000 0.000000 0.000000 0.784694 0.619883
12.500000 6.872427 16.322820 0.000000 0.000000 0.000000 0.769715 0.638388
12.600000 6.853935 16.421096 0.000000 0.000000 0.000000 0.719716 0.694268
12.700000 6.850337 16.521031 0.000000 0.000000 0.000000 0.733195 0.680018
12.800000 6.842822 16.620748 0.000000 0.000000 0.000000 0.680181 0.733045
12.900000 6.850293 16.720469 0.000000 0.000000 0.000000 0.685122 0.728429
13.000000 6.856414 16.820281 0.000000 0.000000 0.000000 0.656288 0.754510
13.100000 6.870271 16.919316 0.000000 0.000000 0.000000 0.597908 0.801564
13.200000 6.898773 17.015169 0.000000 0.000000 0.000000 0.536167 0.844112
13.300000 6.941278 17.105686 0.000000 0.000000 0.000000 0.471410 0.881914
13.400000 6.996832 17.188834 0.000000 0.000000 0.000000 0.404003 0.914757
13.500000 7.064188 17.262747 0.000000 0.000000 0.000000 0.456933 0.889501
13.600000 7.122431 17.344036 0.000000 0.000000 0.000000 0.388999 0.921238
13.700000 7.192167 17.415708 0.000000 0.000000 0.000000 0.318877 0.947796
13.800000 7.271830 17.476154 0.000000 0.000000 0.000000 0.275969 0.961167
13.900000 7.356598 17.529205 0.000000 0.000000 0.000000 0.311043 0.950396
14.000000 7.437249 17.588327 0.000000 0.000000 0.000000 0.349666 0.936874
14.100000 7.512796 17.653846 0.000000 0.000000 0.000000 0.287496 0.957782
14.200000 7.596265 17.708918 0.000000 0.000000 0.000000 0.279600 0.960117
14.300000 7.680630 17.762608 0.000000 0.000000 0.000000 0.307691 0.951486
14.400000 7.761695 17.821160 0.000000 0.000000 0.000000 0.235532 0.971867
14.500000 7.850600 17.866941 0.000000 0.000000 0.000000 0.162048 0.986783
14.600000 7.945348 17.898923 0.000000 0.000000 0.000000 0.114143 0.993464
14.700000 8.042742 17.921602 0.000000 0.000000 0.000000 0.188262 0.982119
14.800000 8.135654 17.958581 0.000000 0.000000 0.000000 0.248017 0.968756
14.900000 8.223351 18.006635 0.000000 0.000000 0.000000 0.279042 0.960279
15.000000 8.307778 18.060226 0.000000 0.000000 0.000000 0.206304 0.978488
15.100000 8.399266 18.100600 0.000000 0.000000 0.000000 0.279042 0.960279
15.200000 8.483693 18.154191 0.000000 0.000000 0.000000 0.206304 0.978488
15.300000 8.575181 18.194565 0.000000 0.000000 0.000000 0.188277 0.982116
15.400000 8.668091 18.231547 0.000000 0.000000 0.000000 0.230365 0.973104
15.500000 8.757477 18.276380 0.000000 0.000000 0.000000 0.166797 0.985991
15.600000 8.851913 18.309272 0.000000 0.000000 0.000000 0.092448 0.995718
15.700000 8.950204 18.327683 0.000000 0.000000 0.000000 0.161011 0.986953
15.800000 9.045019 18.359465 0.000000 0.000000 0.000000 0.134256 0.990947
15.900000 9.141414 18.386073 0.000000 0.000000 0.000000 0.066821 0.997765
16.000000 9.240521 18.399407 0.000000 -0.000000 -0.000000 -0.008130 0.999967
16.100000 9.340508 18.397781 0.000000 -0.000000 -0.000000 -0.083034 0.996547
16.200000 9.439129 18.381232 0.000000 -0.000000 -0.000000 -0.008130 0.999967
16.300000 9.539116 18.379606 0.000000 0.000000 0.000000 0.066821 0.997765
16.400000 9.638223 18.392940 0.000000 0.000000 0.000000 0.102382 0.994745
16.500000 9.736126 18.413309 0.000000 0.000000 0.000000 0.176630 0.984277
16.600000 9.829887 18.448080 0.000000 0.000000 0.000000 0.230641 0.973039
16.700000 9.919248 18.492964 0.000000 0.000000 0.000000 0.241627 0.970369
16.800000 10.007571 18.539858 0.000000 0.000000 0.000000 0.168239 0.985746
16.900000 10.101910 18.573026 0.000000 0.000000 0.000000 0.093904 0.995581
17.000000 10.200146 18.591724 0.000000 0.000000 0.000000 0.168239 0.985746
17.100000 10.294486 18.624892 0.000000 0.000000 0.000000 0.107030 0.994256
17.200000 10.392194 18.646175 0.000000 0.000000 0.000000 0.181228 0.983441
17.300000 10.485626 18.681820 0.000000 0.000000 0.000000 0.254407 0.967097
17.400000 10.572681 18.731028 0.000000 0.000000 0.000000 0.326157 0.945316
17.500000 10.651406 18.792692 0.000000 0.000000 0.000000 0.381047 0.924556
17.600000 10.722366 18.863152 0.000000 0.000000 0.000000 0.327474 0.944860
17.700000 10.800918 18.925035 0.000000 0.000000 0.000000 0.339036 0.940773
17.800000 10.877929 18.988826 0.000000 0.000000 0.000000 0.309696 0.950836
17.900000 10.958747 19.047720 0.000000 0.000000 0.000000 0.380071 0.924957
18.000000 11.029856 19.118030 0.000000 0.000000 0.000000 0.431730 0.902003
18.100000 11.092578 19.195914 0.000000 0.000000 0.000000 0.362930 0.931816
18.200000 11.166234 19.263551 0.000000 0.000000 0.000000 0.431730 0.902003
18.300000 11.228956 19.341436 0.000000 0.000000 0.000000 0.362930 0.931816
18.400000 11.302613 19.409072 0.000000 0.000000 0.000000 0.364293 0.931285
18.500000 11.376071 19.476924 0.000000 0.000000 0.000000 0.293488 0.955963
18.600000 11.458844 19.533037 0.000000 0.000000 0.000000 0.322362 0.946617
18.700000 11.538060 19.594068 0.000000 0.000000 0.000000 0.274440 0.961604
18.800000 11.622997 19.646848 0.000000 0.000000 0.000000 0.345721 0.938337
18.900000 11.699092 19.711729 0.000000 0.000000 0.000000 0.415059 0.909795
19.000000 11.764637 19.787252 0.000000 0.000000 0.000000 0.345721 0.938337
19.100000 11.840733 19.852133 0.000000 0.000000 0.000000 0.332144 0.943229
19.200000 11.918669 19.914791 0.000000 0.000000 0.000000 0.329680 0.944093
19.300000 11.996931 19.977040 0.000000 0.000000 0.000000 0.258013 0.966141
19.400000 12.083617 20.026896 0.000000 0.000000 0.000000 0.285695 0.958321
19.500000 12.167293 20.081653 0.000000 0.000000 0.000000 0.356698 0.934220
19.600000 12.241846 20.148300 0.000000 0.000000 0.000000 0.285695 0.958321
19.700000 12.325521 20.203058 0.000000 0.000000 0.000000 0.356698 0.934220
19.800000 12.400075 20.269705 0.000000 0.000000 0.000000 0.425696 0.904866
19.900000 12.463831 20.346744 0.000000 0.000000 0.000000 0.398364 0.917227
20.000000 12.532092 20.419822 0.000000 0.000000 0.000000 0.328517 0.944498
20.100000 12.610508 20.481879 0.000000 0.000000 0.000000 0.271398 0.962467
20.200000 12.695776 20.534122 0.000000 0.000000 0.000000 0.198518 0.980097
20.300000 12.787894 20.573035 0.000000 0.000000 0.000000 0.124521 0.992217
20.400000 12.884793 20.597745 0.000000 0.000000 0.000000 0.198518 0.980097
20.500000 12.976911 20.636659 0.000000 0.000000 0.000000 0.144976 0.989435
20.600000 13.072708 20.665348 0.000000 0.000000 0.000000 0.070431 0.997517
20.700000 13.171716 20.679399 0.000000 -0.000000 -0.000000 -0.004511 0.999990
20.800000 13.271712 20.678497 0.000000 -0.000000 -0.000000 -0.036756 0.999324
20.900000 13.371441 20.671150 0.000000 -0.000000 -0.000000 -0.037370 0.999301
21.000000 13.471162 20.663681 0.000000 -0.000000 -0.000000 -0.112143 0.993692
21.100000 13.568647 20.641394 0.000000 -0.000000 -0.000000 -0.098400 0.995147
21.200000 13.666710 20.621810 0.000000 -0.000000 -0.000000 -0.059313 0.998239
21.300000 13.766007 20.609968 0.000000 -0.000000 -0.000000 -0.133944 0.990989
21.400000 13.862419 20.583421 0.000000 -0.000000 -0.000000 -0.202437 0.979295
21.500000 13.954222 20.543771 0.000000 -0.000000 -0.000000 -0.169910 0.985460
21.600000 14.048449 20.510284 0.000000 -0.000000 -0.000000 -0.140832 0.990033
21.700000 14.144482 20.482398 0.000000 -0.000000 -0.000000 -0.200564 0.979681
21.800000 14.236437 20.443100 0.000000 -0.000000 -0.000000 -0.222561 0.974919
21.900000 14.326530 20.399704 0.000000 -0.000000 -0.000000 -0.294986 0.955502
22.000000 14.409127 20.343333 0.000000 -0.000000 -0.000000 -0.365752 0.930712
22.100000 14.482372 20.275251 0.000000 -0.000000 -0.000000 -0.343059 0.939314
22.200000 14.558834 20.210803 0.000000 -0.000000 -0.000000 -0.328915 0.944360
22.300000 14.637197 20.148680 0.000000 -0.000000 -0.000000 -0.257230 0.966350
22.400000 14.723963 20.098965 0.000000 -0.000000 -0.000000 -0.184098 0.982908
22.500000 14.817185 20.062775 0.000000 -0.000000 -0.000000 -0.257230 0.966350
22.600000 14.903951 20.013060 0.000000 -0.000000 -0.000000 -0.184098 0.982908
22.700000 14.997173 19.976869 0.000000 -0.000000 -0.000000 -0.109932 0.993939
22.800000 15.094756 19.955016 0.000000 -0.000000 -0.000000 -0.099816 0.995006
22.900000 15.192763 19.935153 0.000000 -0.000000 -0.000000 -0.174091 0.984730
23.000000 15.286702 19.900866 0.000000 -0.000000 -0.000000 -0.111682 0.993744
23.100000 15.384207 19.878670 0.000000 -0.000000 -0.000000 -0.153262 0.988186
23.200000 15.479509 19.848380 0.000000 -0.000000 -0.000000 -0.078787 0.996891
23.300000 15.578268 19.832671 0.000000 -0.000000 -0.000000 -0.153262 0.988186
23.400000 15.673570 19.802381 0.000000 -0.000000 -0.000000 -0.226876 0.973924
23.500000 15.763276 19.758189 0.000000 -0.000000 -0.000000 -0.299214 0.954186
23.600000 15.845370 19.701088 0.000000 -0.000000 -0.000000 -0.236759 0.971568
23.700000 15.934159 19.655082 0.000000 -0.000000 -0.000000 -0.261797 0.965123
23.800000 16.020451 19.604549 0.000000 -0.000000 -0.000000 -0.333377 0.942794
23.900000 16.098223 19.541688 0.000000 -0.000000 -0.000000 -0.297579 0.954697
24.000000 16.180513 19.484868 0.000000 -0.000000 -0.000000 -0.225207 0.974311
24.100000 16.270369 19.440984 0.000000 -0.000000 -0.000000 -0.297579 0.954697
24.200000 16.352658 19.384164 0.000000 -0.000000 -0.000000 -0.225207 0.974311
24.300000 16.442515 19.340280 0.000000 -0.000000 -0.000000 -0.278684 0.960383
24.400000 16.526982 19.286751 0.000000 -0.000000 -0.000000 -0.349862 0.936801
24.500000 16.602501 19.221201 0.000000 -0.000000 -0.000000 -0.278684 0.960383
24.600000 16.686968 19.167672 0.000000 -0.000000 -0.000000 -0.205939 0.978565
24.700000 16.778486 19.127367 0.000000 -0.000000 -0.000000 -0.132037 0.991245
24.800000 16.874999 19.101191 0.000000 -0.000000 -0.000000 -0.191551 0.981483
24.900000 16.967661 19.063591 0.000000 -0.000000 -0.000000 -0.264554 0.964371
25.000000 17.053663 19.012565 0.000000 -0.000000 -0.000000 -0.318511 0.947919
25.100000 17.133373 18.952180 0.000000 -0.000000 -0.000000 -0.315411 0.948955
25.200000 17.213476 18.892318 0.000000 -0.000000 -0.000000 -0.340805 0.940134
25.300000 17.290247 18.828238 0.000000 -0.000000 -0.000000 -0.362876 0.931838
25.400000 17.363911 18.760609 0.000000 -0.000000 -0.000000 -0.346842 0.937924
25.500000 17.439851 18.695547 0.000000 -0.000000 -0.000000 -0.416145 0.909298
25.600000 17.505216 18.619867 0.000000 -0.000000 -0.000000 -0.483109 0.875560
25.700000 17.558537 18.535269 0.000000 -0.000000 -0.000000 -0.538667 0.842519
25.800000 17.600505 18.444502 0.000000 -0.000000 -0.000000 -0.600282 0.799788
25.900000 17.628437 18.348482 0.000000 -0.000000 -0.000000 -0.658523 0.752561
26.000000 17.641707 18.249366 0.000000 -0.000000 -0.000000 -0.713061 0.701102
26.100000 17.640015 18.149381 0.000000 -0.000000 -0.000000 -0.763589 0.645702
26.200000 17.623402 18.050770 0.000000 -0.000000 -0.000000 -0.809825 0.586671
26.300000 17.592238 17.955750 0.000000 -0.000000 -0.000000 -0.851508 0.524342
26.400000 17.547225 17.866454 0.000000 -0.000000 -0.000000 -0.888403 0.459065
26.500000 17.489374 17.784887 0.000000 -0.000000 -0.000000 -0.916553 0.399914
26.600000 17.421360 17.711578 0.000000 -0.000000 -0.000000 -0.943941 0.330113
26.700000 17.343155 17.649257 0.000000 -0.000000 -0.000000 -0.966023 0.258456
26.800000 17.256515 17.599322 0.000000 -0.000000 -0.000000 -0.982673 0.185345
26.900000 17.163385 17.562895 0.000000 -0.000000 -0.000000 -0.993799 0.111193
27.000000 17.065858 17.540795 0.000000 -0.000000 -0.000000 -0.999337 0.036415
27.100000 16.966123 17.533516 0.000000 0.000000 0.000000 0.999256 0.038567
27.200000 16.866421 17.541224 0.000000 0.000000 0.000000 0.993557 0.113333
27.300000 16.768989 17.563745 0.000000 0.000000 0.000000 0.982272 0.187461
27.400000 16.676018 17.600572 0.000000 0.000000 0.000000 0.965464 0.260535
27.500000 16.589594 17.650880 0.000000 0.000000 0.000000 0.943228 0.332145
27.600000 16.511658 17.713537 0.000000 0.000000 0.000000 0.957109 0.289728
27.700000 16.428446 17.768998 0.000000 0.000000 0.000000 0.934638 0.355602
27.800000 16.353737 17.835469 0.000000 0.000000 0.000000 0.936306 0.351186
27.900000 16.278403 17.901233 0.000000 0.000000 0.000000 0.907359 0.420356
28.000000 16.213743 17.977516 0.000000 0.000000 0.000000 0.936306 0.351186
28.100000 16.138409 18.043279 0.000000 0.000000 0.000000 0.907359 0.420356
28.200000 16.073749 18.119562 0.000000 0.000000 0.000000 0.906317 0.422598
28.300000 16.009467 18.196164 0.000000 0.000000 0.000000 0.935434 0.353500
28.400000 15.934459 18.262299 0.000000 0.000000 0.000000 0.906317 0.422598
28.500000 15.870177 18.338901 0.000000 0.000000 0.000000 0.886850 0.462057
28.600000 15.812876 18.420856 0.000000 0.000000 0.000000 0.849735 0.527209
28.700000 15.768466 18.510453 0.000000 0.000000 0.000000 0.858846 0.512234
28.800000 15.720943 18.598439 0.000000 0.000000 0.000000 0.894813 0.446441
28.900000 15.660805 18.678336 0.000000 0.000000 0.000000 0.884511 0.466519
29.000000 15.604333 18.760864 0.000000 0.000000 0.000000 0.865242 0.501355
29.100000 15.554605 18.847623 0.000000 0.000000 0.000000 0.832573 0.553915
29.200000 15.515969 18.939858 0.000000 0.000000 0.000000 0.871737 0.489974
29.300000 15.463984 19.025283 0.000000 0.000000 0.000000 0.832573 0.553915
29.400000 15.425348 19.117518 0.000000 0.000000 0.000000 0.788728 0.614743
29.500000 15.400930 19.214491 0.000000 0.000000 0.000000 0.832573 0.553915
29.600000 15.362294 19.306726 0.000000 0.000000 0.000000 0.788728 0.614743
29.700000 15.337876 19.403699 0.000000 0.000000 0.000000 0.832573 0.553915
29.800000 15.299240 19.495934 0.000000 0.000000 0.000000 0.827040 0.562143
29.900000 15.262441 19.588917 0.000000 0.000000 0.000000 0.782594 0.622532
30.000000 15.239951 19.686355 0.000000 0.000000 0.000000 0.825538 0.564347
30.100000 15.203648 19.779533 0.000000 0.000000 0.000000 0.795554 0.605883
