0.000000 3.299875 9.804998 0.000000 -0.000000 -0.000000 -0.049979 0.998750
0.100000 3.399375 9.795015 0.000000 0.000000 0.000000 0.024997 0.999688
0.200000 3.499250 9.800012 0.000000 -0.000000 -0.000000 -0.049979 0.998750
0.300000 3.598751 9.790029 0.000000 -0.000000 -0.000000 -0.124675 0.992198
0.400000 3.695642 9.765289 0.000000 -0.000000 -0.000000 -0.091989 0.995760
0.500000 3.793950 9.746969 0.000000 -0.000000 -0.000000 -0.088501 0.996076
0.600000 3.892383 9.729338 0.000000 -0.000000 -0.000000 -0.162888 0.986645
0.700000 3.987077 9.697196 0.000000 -0.000000 -0.000000 -0.236359 0.971666
0.800000 4.075904 9.651263 0.000000 -0.000000 -0.000000 -0.176834 0.984241
0.900000 4.180332 9.614362 0.000000 -0.000000 -0.000000 -0.188189 0.982133
1.000000 4.273249 9.577397 0.000000 -0.000000 -0.000000 -0.261251 0.965271
1.100000 4.359598 9.526961 0.000000 -0.000000 -0.000000 -0.332844 0.942982
1.200000 4.437441 9.464188 0.000000 -0.000000 -0.000000 -0.261251 0.965271
1.300000 4.523791 9.413753 0.000000 -0.000000 -0.000000 -0.303083 0.952964
1.400000 4.605419 9.355987 0.000000 -0.000000 -0.000000 -0.248083 0.968739
1.500000 4.693110 9.307922 0.000000 -0.000000 -0.000000 -0.203955 0.978980
1.600000 4.784791 9.267988 0.000000 -0.000000 -0.000000 -0.146140 0.989264
1.700000 4.880519 9.239074 0.000000 -0.000000 -0.000000 -0.071604 0.997433
1.800000 4.979494 9.224790 0.000000 0.000000 0.000000 0.003334 0.999994
1.900000 5.138280 9.172538 0.000000 -0.000000 -0.000000 -0.074050 0.997255
2.000000 5.237183 9.157769 0.000000 0.000000 0.000000 0.000883 1.000000
2.100000 5.337183 9.157945 0.000000 -0.000000 -0.000000 -0.074050 0.997255
2.200000 5.436087 9.143176 0.000000 -0.000000 -0.000000 -0.112814 0.993616
2.300000 5.533541 9.120757 0.000000 -0.000000 -0.000000 -0.186949 0.982370
2.400000 5.626551 9.084026 0.000000 -0.000000 -0.000000 -0.260032 0.965600
2.500000 5.713028 9.033809 0.000000 -0.000000 -0.000000 -0.187534 0.982258
2.600000 5.805994 8.996968 0.000000 -0.000000 -0.000000 -0.246526 0.969136
2.700000 5.893839 8.949184 0.000000 -0.000000 -0.000000 -0.196308 0.980542
2.800000 5.986132 8.910687 0.000000 -0.000000 -0.000000 -0.269228 0.963076
2.900000 5.904303 8.908512 0.000000 -0.000000 -0.000000 -0.275908 0.961184
3.000000 5.989078 8.855473 0.000000 -0.000000 -0.000000 -0.203111 0.979156
3.100000 6.080828 8.815697 0.000000 -0.000000 -0.000000 -0.202056 0.979374
3.200000 6.172662 8.776119 0.000000 -0.000000 -0.000000 -0.195106 0.980782
3.300000 6.265049 8.737848 0.000000 -0.000000 -0.000000 -0.121068 0.992644
3.400000 6.362118 8.713813 0.000000 -0.000000 -0.000000 -0.046349 0.998925
3.500000 6.461688 8.704553 0.000000 0.000000 0.000000 0.028630 0.999590
3.600000 6.561524 8.710277 0.000000 0.000000 0.000000 0.103449 0.994635
3.700000 6.659384 8.730855 0.000000 0.000000 0.000000 0.177686 0.984087
3.800000 6.753069 8.765827 0.000000 0.000000 0.000000 0.143113 0.989706
3.900000 6.988030 8.780117 0.000000 0.000000 0.000000 0.189321 0.981915
4.000000 7.080862 8.817296 0.000000 0.000000 0.000000 0.218606 0.975813
4.100000 7.171304 8.859960 0.000000 0.000000 0.000000 0.291109 0.956690
4.200000 7.254355 8.915660 0.000000 0.000000 0.000000 0.237696 0.971340
4.300000 7.343055 8.961837 0.000000 0.000000 0.000000 0.277520 0.960720
4.400000 7.427652 9.015161 0.000000 0.000000 0.000000 0.244104 0.969749
4.500000 7.515735 9.062505 0.000000 0.000000 0.000000 0.316081 0.948732
4.600000 7.595753 9.122480 0.000000 0.000000 0.000000 0.381480 0.924377
4.700000 7.666648 9.193006 0.000000 0.000000 0.000000 0.449671 0.893194
4.800000 7.726207 9.273335 0.000000 0.000000 0.000000 0.515334 0.856990
4.900000 7.647279 9.362240 0.000000 0.000000 0.000000 0.505441 0.862861
5.000000 7.696184 9.449465 0.000000 0.000000 0.000000 0.568674 0.822563
5.100000 7.731506 9.543019 0.000000 0.000000 0.000000 0.505441 0.862861
5.200000 7.780412 9.630244 0.000000 0.000000 0.000000 0.487792 0.872960
5.300000 7.832824 9.715409 0.000000 0.000000 0.000000 0.551831 0.833956
5.400000 7.871921 9.807449 0.000000 0.000000 0.000000 0.609210 0.793009
5.500000 7.897693 9.904071 0.000000 0.000000 0.000000 0.565832 0.824521
5.600000 7.933660 9.997379 0.000000 0.000000 0.000000 0.529200 0.848497
5.700000 7.977650 10.087184 0.000000 0.000000 0.000000 0.578771 0.815490
5.800000 8.010654 10.181580 0.000000 0.000000 0.000000 0.615429 0.788192
5.900000 8.035072 9.950429 0.000000 0.000000 0.000000 0.585451 0.810708
6.000000 8.066521 10.045355 0.000000 0.000000 0.000000 0.644551 0.764561
6.100000 8.083432 10.143915 0.000000 0.000000 0.000000 0.639653 0.768664
6.200000 8.101601 10.242251 0.000000 0.000000 0.000000 0.665963 0.745985
6.300000 8.112900 10.341610 0.000000 0.000000 0.000000 0.719987 0.693988
6.400000 8.109223 10.441543 0.000000 0.000000 0.000000 0.769963 0.638088
6.500000 8.090655 10.539803 0.000000 0.000000 0.000000 0.729697 0.683771
6.600000 8.084163 10.639593 0.000000 0.000000 0.000000 0.698414 0.715694
6.700000 8.086607 10.739563 0.000000 0.000000 0.000000 0.722612 0.691254
6.800000 8.082174 10.839464 0.000000 0.000000 0.000000 0.772376 0.635166
6.900000 7.997450 11.143731 0.000000 0.000000 0.000000 0.757294 0.653074
7.000000 7.982751 11.242645 0.000000 0.000000 0.000000 0.804100 0.594494
7.100000 7.953436 11.338252 0.000000 0.000000 0.000000 0.831236 0.555920
7.200000 7.915245 11.430672 0.000000 0.000000 0.000000 0.827721 0.561139
7.300000 7.878220 11.523565 0.000000 0.000000 0.000000 0.783349 0.621583
7.400000 7.855493 11.620948 0.000000 0.000000 0.000000 0.734571 0.678531
7.500000 7.847574 11.720634 0.000000 0.000000 0.000000 0.783349 0.621583
7.600000 7.824847 11.818017 0.000000 0.000000 0.000000 0.734571 0.678531
7.700000 7.816928 11.917703 0.000000 0.000000 0.000000 0.783349 0.621583
7.800000 7.794201 12.015087 0.000000 0.000000 0.000000 0.789048 0.614332
7.900000 8.057978 12.107914 0.000000 0.000000 0.000000 0.773604 0.633670
8.000000 8.038285 12.205956 0.000000 0.000000 0.000000 0.765136 0.643869
8.100000 8.021199 12.304485 0.000000 0.000000 0.000000 0.781988 0.623293
8.200000 7.998897 12.401967 0.000000 0.000000 0.000000 0.733087 0.680135
8.300000 7.991414 12.501687 0.000000 0.000000 0.000000 0.680064 0.733153
8.400000 7.998917 12.601405 0.000000 0.000000 0.000000 0.714850 0.699278
8.500000 7.996715 12.701380 0.000000 0.000000 0.000000 0.765237 0.643749
8.600000 7.979597 12.799905 0.000000 0.000000 0.000000 0.811322 0.584600
8.700000 7.947949 12.894764 0.000000 0.000000 0.000000 0.852845 0.522165
8.800000 7.902480 12.983829 0.000000 0.000000 0.000000 0.838593 0.544759
8.900000 7.984466 13.282948 0.000000 0.000000 0.000000 0.819794 0.572659
9.000000 7.950053 13.376841 0.000000 0.000000 0.000000 0.774580 0.632476
9.100000 7.930059 13.474822 0.000000 0.000000 0.000000 0.772946 0.634472
9.200000 7.910569 13.572904 0.000000 0.000000 0.000000 0.802125 0.597156
9.300000 7.881889 13.668703 0.000000 0.000000 0.000000 0.787652 0.616120
9.400000 7.857809 13.765761 0.000000 0.000000 0.000000 0.739272 0.673407
9.500000 7.848505 13.865327 0.000000 0.000000 0.000000 0.686736 0.726907
9.600000 7.854183 13.965165 0.000000 0.000000 0.000000 0.739272 0.673407
9.700000 7.844879 14.064732 0.000000 0.000000 0.000000 0.762939 0.646470
9.800000 7.828463 14.163375 0.000000 0.000000 0.000000 0.783942 0.620834
9.900000 7.948429 14.514596 0.000000 0.000000 0.000000 0.756561 0.653923
10.000000 7.933952 14.613542 0.000000 0.000000 0.000000 0.797328 0.603546
10.100000 7.906805 14.709787 0.000000 0.000000 0.000000 0.840310 0.542106
10.200000 7.865581 14.800894 0.000000 0.000000 0.000000 0.878568 0.477618
10.300000 7.811205 14.884818 0.000000 0.000000 0.000000 0.871804 0.489854
10.400000 7.759196 14.970230 0.000000 0.000000 0.000000 0.896488 0.443067
10.500000 7.698458 15.049671 0.000000 0.000000 0.000000 0.860769 0.508995
10.600000 7.650273 15.137296 0.000000 0.000000 0.000000 0.834526 0.550968
10.700000 7.610986 15.229256 0.000000 0.000000 0.000000 0.873464 0.486889
10.800000 7.558398 15.314312 0.000000 0.000000 0.000000 0.895737 0.444584
10.900000 7.542722 15.173517 0.000000 0.000000 0.000000 0.878999 0.476824
11.000000 7.488194 15.257342 0.000000 0.000000 0.000000 0.855683 0.517500
11.100000 7.441755 15.345905 0.000000 0.000000 0.000000 0.877746 0.479126
11.200000 7.387667 15.430015 0.000000 0.000000 0.000000 0.839378 0.543549
11.300000 7.346756 15.521264 0.000000 0.000000 0.000000 0.866808 0.498641
11.400000 7.296485 15.607709 0.000000 0.000000 0.000000 0.827009 0.562189
11.500000 7.259696 15.700696 0.000000 0.000000 0.000000 0.813343 0.581785
11.600000 7.227391 15.795334 0.000000 0.000000 0.000000 0.767463 0.641093
11.700000 7.209591 15.893738 0.000000 0.000000 0.000000 0.813343 0.581785
11.800000 7.177286 15.988376 0.000000 0.000000 0.000000 0.815907 0.578184
11.900000 7.303423 16.066116 0.000000 0.000000 0.000000 0.862724 0.505674
12.000000 7.254564 16.153368 0.000000 0.000000 0.000000 0.885366 0.464894
12.100000 7.197790 16.235688 0.000000 0.000000 0.000000 0.848043 0.529928
12.200000 7.153954 16.325569 0.000000 0.000000 0.000000 0.805952 0.591981
12.300000 7.124043 16.420990 0.000000 0.000000 0.000000 0.813836 0.581095
12.400000 7.091577 16.515573 0.000000 0.000000 0.000000 0.819010 0.573779
12.500000 7.057421 16.609560 0.000000 0.000000 0.000000 0.805118 0.593114
12.600000 7.027778 16.705065 0.000000 0.000000 0.000000 0.758413 0.651774
12.700000 7.012740 16.803928 0.000000 0.000000 0.000000 0.771051 0.636774
12.800000 6.993837 16.902125 0.000000 0.000000 0.000000 0.721170 0.692758
12.900000 7.116359 17.055342 0.000000 0.000000 0.000000 0.746483 0.665405
13.000000 7.104912 17.154684 0.000000 0.000000 0.000000 0.720053 0.693919
13.100000 7.101217 17.254616 0.000000 0.000000 0.000000 0.666034 0.745922
13.200000 7.112497 17.353978 0.000000 0.000000 0.000000 0.608270 0.793730
13.300000 7.138498 17.450538 0.000000 0.000000 0.000000 0.547086 0.837077
13.400000 7.178638 17.542129 0.000000 0.000000 0.000000 0.482826 0.875716
13.500000 7.232013 17.626692 0.000000 0.000000 0.000000 0.533332 0.845906
13.600000 7.275125 17.716922 0.000000 0.000000 0.000000 0.468449 0.883491
13.700000 7.331236 17.799696 0.000000 0.000000 0.000000 0.400932 0.916108
13.800000 7.399087 17.873156 0.000000 0.000000 0.000000 0.359365 0.933197
13.900000 7.554514 17.946063 0.000000 0.000000 0.000000 0.323862 0.946104
14.000000 7.633537 18.007344 0.000000 0.000000 0.000000 0.362299 0.932062
14.100000 7.707285 18.074881 0.000000 0.000000 0.000000 0.300418 0.953808
14.200000 7.789234 18.132189 0.000000 0.000000 0.000000 0.292554 0.956249
14.300000 7.872117 18.188140 0.000000 0.000000 0.000000 0.320525 0.947240
14.400000 7.951570 18.248863 0.000000 0.000000 0.000000 0.248648 0.968594
14.500000 8.039204 18.297031 0.000000 0.000000 0.000000 0.175373 0.984502
14.600000 8.133053 18.331562 0.000000 0.000000 0.000000 0.127563 0.991831
14.700000 8.229799 18.356866 0.000000 0.000000 0.000000 0.201521 0.979484
14.800000 8.321677 18.396343 0.000000 0.000000 0.000000 0.261091 0.965314
14.900000 8.296105 18.508689 0.000000 0.000000 0.000000 0.259422 0.965764
15.000000 8.382645 18.558797 0.000000 0.000000 0.000000 0.186329 0.982487
15.100000 8.475702 18.595410 0.000000 0.000000 0.000000 0.259422 0.965764
15.200000 8.562242 18.645518 0.000000 0.000000 0.000000 0.186329 0.982487
15.300000 8.655298 18.682131 0.000000 0.000000 0.000000 0.168231 0.985748
15.400000 8.749638 18.715298 0.000000 0.000000 0.000000 0.210494 0.977595
15.500000 8.840776 18.756453 0.000000 0.000000 0.000000 0.146677 0.989185
15.600000 8.936473 18.785471 0.000000 0.000000 0.000000 0.072145 0.997394
15.700000 9.035432 18.799863 0.000000 0.000000 0.000000 0.140872 0.990028
15.800000 9.131463 18.827756 0.000000 0.000000 0.000000 0.114041 0.993476
15.900000 9.228160 18.771188 0.000000 0.000000 0.000000 0.078150 0.996942
16.000000 9.326938 18.786770 0.000000 0.000000 0.000000 0.003229 0.999995
16.100000 9.426936 18.787416 0.000000 -0.000000 -0.000000 -0.071709 0.997426
16.200000 9.525908 18.773111 0.000000 0.000000 0.000000 0.003229 0.999995
16.300000 9.625906 18.773757 0.000000 0.000000 0.000000 0.078150 0.996942
16.400000 9.724684 18.789339 0.000000 0.000000 0.000000 0.113675 0.993518
16.500000 9.822100 18.811927 0.000000 0.000000 0.000000 0.187799 0.982207
16.600000 9.915046 18.848818 0.000000 0.000000 0.000000 0.241679 0.970356
16.700000 10.003364 18.895721 0.000000 0.000000 0.000000 0.252634 0.967562
16.800000 10.090599 18.944609 0.000000 0.000000 0.000000 0.179425 0.983772
16.900000 9.850738 18.971742 0.000000 0.000000 0.000000 0.200153 0.979765
17.000000 9.942726 19.010962 0.000000 0.000000 0.000000 0.273004 0.962013
17.100000 10.027819 19.063489 0.000000 0.000000 0.000000 0.213061 0.977039
17.200000 10.118740 19.105123 0.000000 0.000000 0.000000 0.285671 0.958328
17.300000 10.202419 19.159876 0.000000 0.000000 0.000000 0.356676 0.934228
17.400000 10.276975 19.226519 0.000000 0.000000 0.000000 0.425674 0.904876
17.500000 10.340736 19.303556 0.000000 0.000000 0.000000 0.478021 0.878348
17.600000 10.395035 19.387530 0.000000 0.000000 0.000000 0.426935 0.904282
17.700000 10.458580 19.464744 0.000000 0.000000 0.000000 0.437992 0.898979
17.800000 10.520213 19.543493 0.000000 0.000000 0.000000 0.409901 0.912130
17.900000 10.665023 19.673700 0.000000 0.000000 0.000000 0.437822 0.899062
18.000000 10.726686 19.752426 0.000000 0.000000 0.000000 0.487926 0.872885
18.100000 10.779072 19.837607 0.000000 0.000000 0.000000 0.421149 0.906992
18.200000 10.843598 19.914002 0.000000 0.000000 0.000000 0.487926 0.872885
18.300000 10.895984 19.999183 0.000000 0.000000 0.000000 0.421149 0.906992
18.400000 10.960511 20.075579 0.000000 0.000000 0.000000 0.422475 0.906374
18.500000 11.024814 20.152163 0.000000 0.000000 0.000000 0.353373 0.935482
18.600000 11.099839 20.218278 0.000000 0.000000 0.000000 0.381598 0.924328
18.700000 11.170716 20.288822 0.000000 0.000000 0.000000 0.334721 0.942317
18.800000 11.248308 20.351905 0.000000 0.000000 0.000000 0.404387 0.914588
18.900000 11.626196 20.212669 0.000000 0.000000 0.000000 0.452486 0.891771
19.000000 11.685247 20.293372 0.000000 0.000000 0.000000 0.384394 0.923169
19.100000 11.755695 20.364344 0.000000 0.000000 0.000000 0.371032 0.928620
19.200000 11.828162 20.433253 0.000000 0.000000 0.000000 0.368606 0.929586
19.300000 11.900988 20.501784 0.000000 0.000000 0.000000 0.297916 0.954592
19.400000 11.983237 20.558661 0.000000 0.000000 0.000000 0.325249 0.945628
19.500000 12.062080 20.620174 0.000000 0.000000 0.000000 0.395191 0.918599
19.600000 12.130845 20.692779 0.000000 0.000000 0.000000 0.325249 0.945628
19.700000 12.209687 20.754292 0.000000 0.000000 0.000000 0.395191 0.918599
19.800000 12.278452 20.826896 0.000000 0.000000 0.000000 0.462910 0.886405
19.900000 12.411077 20.894375 0.000000 0.000000 0.000000 0.465536 0.885029
20.000000 12.467732 20.976778 0.000000 0.000000 0.000000 0.397912 0.917423
20.100000 12.536065 21.049789 0.000000 0.000000 0.000000 0.342290 0.939594
20.200000 12.612633 21.114111 0.000000 0.000000 0.000000 0.270924 0.962601
20.300000 12.697953 21.166270 0.000000 0.000000 0.000000 0.198035 0.980195
20.400000 12.790109 21.205092 0.000000 0.000000 0.000000 0.270924 0.962601
20.500000 12.875429 21.257251 0.000000 0.000000 0.000000 0.218226 0.975898
20.600000 12.965905 21.299844 0.000000 0.000000 0.000000 0.144489 0.989506
20.700000 13.061729 21.328438 0.000000 0.000000 0.000000 0.069939 0.997551
20.800000 13.160751 21.342392 0.000000 0.000000 0.000000 0.037734 0.999288
20.900000 13.151426 21.017162 0.000000 0.000000 0.000000 0.045967 0.998943
21.000000 13.251004 21.026346 0.000000 -0.000000 -0.000000 -0.029013 0.999579
21.100000 13.350835 21.020546 0.000000 -0.000000 -0.000000 -0.015197 0.999885
21.200000 13.450789 21.017507 0.000000 0.000000 0.000000 0.024012 0.999712
21.300000 13.550674 21.022308 0.000000 -0.000000 -0.000000 -0.050964 0.998701
21.400000 13.650154 21.012128 0.000000 -0.000000 -0.000000 -0.120193 0.992751
21.500000 13.747265 20.988264 0.000000 -0.000000 -0.000000 -0.087265 0.996185
21.600000 13.845742 20.970878 0.000000 -0.000000 -0.000000 -0.057907 0.998322
21.700000 13.945071 20.959316 0.000000 -0.000000 -0.000000 -0.118293 0.992979
21.800000 14.042273 20.935823 0.000000 -0.000000 -0.000000 -0.140611 0.990065
21.900000 14.129624 20.757218 0.000000 -0.000000 -0.000000 -0.231501 0.972835
22.000000 14.218906 20.712175 0.000000 -0.000000 -0.000000 -0.303744 0.952754
22.100000 14.300454 20.654297 0.000000 -0.000000 -0.000000 -0.280535 0.959844
22.200000 14.384714 20.600443 0.000000 -0.000000 -0.000000 -0.266090 0.963948
22.300000 14.470553 20.549143 0.000000 -0.000000 -0.000000 -0.193113 0.981176
22.400000 14.563094 20.511248 0.000000 -0.000000 -0.000000 -0.119051 0.992888
22.500000 14.660260 20.487607 0.000000 -0.000000 -0.000000 -0.193113 0.981176
22.600000 14.752801 20.449711 0.000000 -0.000000 -0.000000 -0.119051 0.992888
22.700000 14.849966 20.426070 0.000000 -0.000000 -0.000000 -0.044320 0.999017
22.800000 14.949574 20.417215 0.000000 -0.000000 -0.000000 -0.034155 0.999417
22.900000 14.750444 19.960586 0.000000 -0.000000 -0.000000 -0.122193 0.992506
23.000000 14.847457 19.936330 0.000000 -0.000000 -0.000000 -0.059397 0.998234
23.100000 14.946752 19.924472 0.000000 -0.000000 -0.000000 -0.101212 0.994865
23.200000 15.044703 19.904333 0.000000 -0.000000 -0.000000 -0.026383 0.999652
23.300000 15.144564 19.899058 0.000000 -0.000000 -0.000000 -0.101212 0.994865
23.400000 15.242515 19.878920 0.000000 -0.000000 -0.000000 -0.175472 0.984484
23.500000 15.336357 19.844370 0.000000 -0.000000 -0.000000 -0.248746 0.968569
23.600000 15.423982 19.796184 0.000000 -0.000000 -0.000000 -0.185466 0.982651
23.700000 15.517103 19.759735 0.000000 -0.000000 -0.000000 -0.210807 0.977528
23.800000 15.608215 19.718521 0.000000 -0.000000 -0.000000 -0.283460 0.958984
23.900000 16.056374 19.555491 0.000000 -0.000000 -0.000000 -0.276450 0.961028
24.000000 16.141089 19.502356 0.000000 -0.000000 -0.000000 -0.203664 0.979041
24.100000 16.232793 19.462477 0.000000 -0.000000 -0.000000 -0.276450 0.961028
24.200000 16.317508 19.409342 0.000000 -0.000000 -0.000000 -0.203664 0.979041
24.300000 16.409212 19.369463 0.000000 -0.000000 -0.000000 -0.257435 0.966296
24.400000 16.495958 19.319711 0.000000 -0.000000 -0.000000 -0.329115 0.944290
24.500000 16.574294 19.257555 0.000000 -0.000000 -0.000000 -0.257435 0.966296
24.600000 16.661040 19.207803 0.000000 -0.000000 -0.000000 -0.184307 0.982869
24.700000 16.754246 19.171573 0.000000 -0.000000 -0.000000 -0.110143 0.993916
24.800000 16.851820 19.149679 0.000000 -0.000000 -0.000000 -0.169857 0.985469
24.900000 16.874203 19.058200 0.000000 -0.000000 -0.000000 -0.274937 0.961462
25.000000 16.959085 19.005332 0.000000 -0.000000 -0.000000 -0.328713 0.944430
25.100000 17.037475 18.943243 0.000000 -0.000000 -0.000000 -0.325624 0.945499
25.200000 17.116269 18.881667 0.000000 -0.000000 -0.000000 -0.350922 0.936405
25.300000 17.191639 18.815946 0.000000 -0.000000 -0.000000 -0.372902 0.927871
25.400000 17.263828 18.746745 0.000000 -0.000000 -0.000000 -0.356934 0.934129
25.500000 17.338348 18.680061 0.000000 -0.000000 -0.000000 -0.425925 0.904758
25.600000 17.402065 18.602989 0.000000 -0.000000 -0.000000 -0.492521 0.870301
25.700000 17.453550 18.517261 0.000000 -0.000000 -0.000000 -0.547720 0.836662
25.800000 17.493551 18.425610 0.000000 -0.000000 -0.000000 -0.608871 0.793269
25.900000 17.460848 18.329859 0.000000 -0.000000 -0.000000 -0.694842 0.719162
26.000000 17.464287 18.229918 0.000000 -0.000000 -0.000000 -0.746776 0.665076
26.100000 17.452752 18.130585 0.000000 -0.000000 -0.000000 -0.794510 0.607251
26.200000 17.426503 18.034092 0.000000 -0.000000 -0.000000 -0.837778 0.546011
26.300000 17.386129 17.942605 0.000000 -0.000000 -0.000000 -0.876335 0.481702
26.400000 17.332536 17.858178 0.000000 -0.000000 -0.000000 -0.909965 0.414684
26.500000 17.266929 17.782709 0.000000 -0.000000 -0.000000 -0.935163 0.354217
26.600000 17.192023 17.716458 0.000000 -0.000000 -0.000000 -0.959076 0.283150
26.700000 17.108057 17.662146 0.000000 -0.000000 -0.000000 -0.977596 0.210490
26.800000 17.016919 17.620991 0.000000 -0.000000 -0.000000 -0.990620 0.136648
26.900000 17.069319 17.661268 0.000000 -0.000000 -0.000000 -0.999060 0.043349
27.000000 16.969695 17.652607 0.000000 0.000000 0.000000 0.999500 0.031632
27.100000 16.869895 17.658930 0.000000 0.000000 0.000000 0.994320 0.106435
27.200000 16.772161 17.680096 0.000000 0.000000 0.000000 0.983549 0.180640
27.300000 16.678687 17.715630 0.000000 0.000000 0.000000 0.967249 0.253829
27.400000 16.591573 17.764733 0.000000 0.000000 0.000000 0.945511 0.325592
27.500000 16.512775 17.826303 0.000000 0.000000 0.000000 0.918456 0.395523
27.600000 16.444063 17.898957 0.000000 0.000000 0.000000 0.935189 0.354149
27.700000 16.369147 17.965196 0.000000 0.000000 0.000000 0.908290 0.418341
27.800000 16.304149 18.041191 0.000000 0.000000 0.000000 0.910254 0.414049
27.900000 16.544848 18.084209 0.000000 0.000000 0.000000 0.891444 0.453130
28.000000 16.485914 18.164998 0.000000 0.000000 0.000000 0.922891 0.385061
28.100000 16.415568 18.236071 0.000000 0.000000 0.000000 0.891444 0.453130
28.200000 16.356634 18.316860 0.000000 0.000000 0.000000 0.890321 0.455333
28.300000 16.298099 18.397938 0.000000 0.000000 0.000000 0.921936 0.387342
28.400000 16.228106 18.469359 0.000000 0.000000 0.000000 0.890321 0.455333
28.500000 16.169572 18.550438 0.000000 0.000000 0.000000 0.869430 0.494057
28.600000 16.118390 18.636347 0.000000 0.000000 0.000000 0.829966 0.557814
28.700000 16.080621 18.728940 0.000000 0.000000 0.000000 0.839616 0.543181
28.800000 16.039630 18.820153 0.000000 0.000000 0.000000 0.877956 0.478742
28.900000 15.963249 19.004864 0.000000 0.000000 0.000000 0.876288 0.481788
29.000000 15.909672 19.089301 0.000000 0.000000 0.000000 0.856418 0.516284
29.100000 15.862982 19.177732 0.000000 0.000000 0.000000 0.822842 0.568270
29.200000 15.827568 19.271251 0.000000 0.000000 0.000000 0.863109 0.505017
29.300000 15.778577 19.358428 0.000000 0.000000 0.000000 0.822842 0.568270
29.400000 15.743163 19.451947 0.000000 0.000000 0.000000 0.777949 0.628328
29.500000 15.722122 19.549708 0.000000 0.000000 0.000000 0.822842 0.568270
29.600000 15.686708 19.643228 0.000000 0.000000 0.000000 0.777949 0.628328
29.700000 15.665667 19.740989 0.000000 0.000000 0.000000 0.822842 0.568270
29.800000 15.630253 19.834508 0.000000 0.000000 0.000000 0.817168 0.576400
29.900000 15.322176 19.697993 0.000000 0.000000 0.000000 0.759751 0.650214
30.000000 15.306732 19.796793 0.000000 0.000000 0.000000 0.804755 0.593607
30.100000 15.277206 19.892335 0.000000 0.000000 0.000000 0.773300 0.634041
